0 0.7515625 0.07890625 0.09453125 0.10390625
0 0.63828125 0.06875 0.08828125 0.11484375
0 0.440625 0.1828125 0.11015625 0.17421875
0 0.47578125 0.24765625 0.12734375 0.203125
0 0.05390625 0.27890625 0.08984375 0.196875
0 0.1796875 0.1390625 0.11484375 0.17734375
0 0.1828125 0.4421875 0.14609375 0.2203125
0 0.346875 0.1 0.12421875 0.196875
0 0.8484375 0.76015625 0.303125 0.4796875
0 0.80078125 0.19609375 0.13046875 0.196875
0 0.70546875 0.18515625 0.13671875 0.2328125
0 0.51015625 0.43984375 0.14921875 0.246875