0 0.0875 0.359375 0.175 0.3765625
0 0.134375 0.47734375 0.21953125 0.33203125
0 0.1359375 0.121875 0.225 0.24375
0 0.32265625 0.10859375 0.1984375 0.2171875
0 0.35234375 0.5109375 0.2328125 0.328125
0 0.4671875 0.43125 0.2015625 0.2984375
0 0.596875 0.14765625 0.1703125 0.25546875
0 0.68515625 0.1578125 0.1453125 0.2
0 0.64765625 0.55703125 0.2125 0.2984375
0 0.778125 0.16171875 0.140625 0.2046875
0 0.91015625 0.1828125 0.1765625 0.25390625
0 0.98359375 0.20625 0.0328125 0.2609375
0 0.8921875 0.53046875 0.203125 0.27578125