0 0.91328125 0.40703125 0.17265625 0.38671875
0 0.86875 0.528125 0.22578125 0.340625
0 0.8671875 0.14375 0.23125 0.2875
0 0.6765625 0.13046875 0.203125 0.2609375
0 0.64453125 0.56171875 0.2390625 0.3375
0 0.52734375 0.48046875 0.20703125 0.30703125
0 0.39375 0.1890625 0.17421875 0.2625
0 0.303125 0.19921875 0.14921875 0.20546875
0 0.34140625 0.609375 0.21875 0.30703125
0 0.2078125 0.203125 0.14375 0.21015625
0 0.08125 0.22578125 0.1625 0.2609375
0 0.00703125 0.24921875 0.01328125 0.26796875
0 0.09765625 0.58203125 0.19453125 0.2828125