0 0.1328125 0.0796875 0.140625 0.159375
0 0.9625 0.2859375 0.07421875 0.20703125
0 0.52578125 0.26328125 0.140625 0.2265625
0 0.91171875 0.425 0.1484375 0.2265625
0 0.35 0.29609375 0.1546875 0.24375
0 0.72421875 0.40703125 0.16328125 0.2375
0 0.0421875 0.40390625 0.08359375 0.2640625
0 0.77734375 0.7328125 0.128125 0.21796875
0 0.3984375 0.6546875 0.15859375 0.25625
0 0.79921875 0.82734375 0.1546875 0.246875
0 0.3125 0.7484375 0.17890625 0.26875
0 0.846875 0.91015625 0.165625 0.1796875
0 0.821875 0.13515625 0.125 0.17265625
0 0.571875 0.08203125 0.134375 0.1640625
0 0.39765625 0.06328125 0.128125 0.1265625
0 0.4875 0.9109375 0.159375 0.178125
0 0.296875 0.053125 0.13125 0.10625