0 0.88203125 0.05859375 0.1515625 0.1171875
0 0.0140625 0.25234375 0.028125 0.2234375
0 0.4578125 0.2296875 0.1515625 0.24375
0 0.06171875 0.40390625 0.12265625 0.24375
0 0.6484375 0.26484375 0.1671875 0.2625
0 0.24453125 0.38359375 0.17578125 0.25625
0 0.9671875 0.38125 0.06484375 0.28515625
0 0.18671875 0.73515625 0.13828125 0.23515625
0 0.5953125 0.6515625 0.1703125 0.2765625
0 0.1640625 0.8375 0.1671875 0.26640625
0 0.68828125 0.75234375 0.19296875 0.28984375
0 0.11171875 0.915625 0.17890625 0.16875
0 0.1390625 0.0921875 0.13515625 0.184375
0 0.40859375 0.06171875 0.1453125 0.12265625
0 0.596875 0.040625 0.1375 0.08125
0 0.49921875 0.91640625 0.17265625 0.1671875
0 0.70546875 0.0296875 0.14140625 0.059375