0 0.09921875 0.06015625 0.1484375 0.1203125
0 0.96953125 0.25390625 0.06015625 0.21953125
0 0.515625 0.23046875 0.14921875 0.23984375
0 0.92265625 0.4015625 0.1546875 0.23984375
0 0.32890625 0.26484375 0.1640625 0.25859375
0 0.72578125 0.3828125 0.17265625 0.2515625
0 0.0234375 0.3796875 0.046875 0.28046875
0 0.7828125 0.728125 0.1359375 0.23125
0 0.38125 0.64609375 0.16796875 0.271875
0 0.80546875 0.82890625 0.1640625 0.26171875
0 0.2890625 0.7453125 0.18984375 0.28515625
0 0.85625 0.9109375 0.1765625 0.178125
0 0.8296875 0.09453125 0.1328125 0.1828125
0 0.56484375 0.06328125 0.14296875 0.12578125
0 0.3796875 0.04296875 0.1359375 0.0859375
0 0.47578125 0.91171875 0.16953125 0.1765625
0 0.27265625 0.03203125 0.1390625 0.0640625