0 0.0359375 0.15546875 0.071875 0.2609375
0 0.92109375 0.0515625 0.13984375 0.103125
0 0.47265625 0.190625 0.13828125 0.2328125
0 0.90546875 0.165625 0.1484375 0.2328125
0 0.32265625 0.30078125 0.15546875 0.25
0 0.72109375 0.23359375 0.1625 0.2453125
0 0.0515625 0.02890625 0.06953125 0.04765625
0 0.06328125 0.55390625 0.1265625 0.28359375
0 0.92109375 0.5109375 0.1265625 0.225
0 0.5296875 0.61328125 0.15703125 0.26328125
0 0.95234375 0.590625 0.09453125 0.2546875
0 0.49296875 0.73984375 0.17890625 0.27734375
0 0.69140625 0.01171875 0.1203125 0.0234375
0 0.43125 0.04296875 0.1296875 0.0859375
0 0.25234375 0.06484375 0.1234375 0.1296875
0 0.73984375 0.84453125 0.16875 0.246875
0 0.14609375 0.07890625 0.1265625 0.15703125