0 0.0734375 0.028125 0.075 0.05625
0 0.98203125 0.1984375 0.0359375 0.26640625
0 0.09765625 0.071875 0.1421875 0.14375
0 0.5546875 0.23359375 0.140625 0.2375
0 0.11484375 0.2078125 0.1515625 0.2375
0 0.7078125 0.3453125 0.1578125 0.25390625
0 0.30234375 0.27734375 0.16484375 0.24921875
0 0.97421875 0.06875 0.0515625 0.0484375
0 0.953125 0.60234375 0.09375 0.2890625
0 0.0984375 0.559375 0.12890625 0.22890625
0 0.49765625 0.66328125 0.16015625 0.26796875
0 0.0578125 0.63984375 0.11484375 0.259375
0 0.534375 0.7921875 0.18203125 0.28203125
0 0.3328125 0.03203125 0.121875 0.06328125
0 0.59609375 0.06328125 0.1328125 0.1265625
0 0.77890625 0.0859375 0.12578125 0.171875
0 0.28359375 0.88671875 0.171875 0.2265625
0 0.8875 0.1109375 0.12890625 0.17734375