0 0.0796875 0.0375 0.07578125 0.07421875
0 0.9875 0.2171875 0.02421875 0.26796875
0 0.1046875 0.08125 0.14375 0.1625
0 0.5640625 0.25234375 0.1421875 0.2390625
0 0.12109375 0.2265625 0.15234375 0.2390625
0 0.71796875 0.36484375 0.159375 0.25625
0 0.309375 0.296875 0.16640625 0.25078125
0 0.9796875 0.08671875 0.040625 0.0484375
0 0.959375 0.62421875 0.08125 0.290625
0 0.1046875 0.58046875 0.1296875 0.23046875
0 0.50625 0.68515625 0.1609375 0.26953125
0 0.0609375 0.66171875 0.12109375 0.2609375
0 0.54296875 0.81484375 0.18359375 0.28359375
0 0.00703125 0.76875 0.0140625 0.29609375
0 0.33984375 0.040625 0.12265625 0.08125
0 0.60625 0.07265625 0.13359375 0.1453125
0 0.78984375 0.10390625 0.1265625 0.17265625
0 0.290625 0.89765625 0.17265625 0.20390625
0 0.8984375 0.12890625 0.1296875 0.178125