0 0.70546875 0.078125 0.13125 0.15546875
0 0.98671875 0.1 0.0265625 0.178125
0 0.396875 0.05859375 0.08046875 0.1171875
0 0.33359375 0.0953125 0.13984375 0.190625
0 0.0859375 0.103125 0.1609375 0.20625
0 0.92421875 0.25546875 0.13828125 0.26953125
0 0.71484375 0.25859375 0.12265625 0.2234375
0 0.5640625 0.3078125 0.25703125 0.4296875
0 0.7515625 0.46171875 0.15390625 0.296875
0 0.19375 0.625 0.19609375 0.3515625
0 0.92734375 0.85390625 0.1453125 0.25703125
0 0.52265625 0.015625 0.1015625 0.03125