0 0.38515625 0.1484375 0.0875 0.1828125
0 0.128125 0.153125 0.07421875 0.14765625
0 0.62734375 0.1953125 0.05078125 0.1078125
0 0.67421875 0.21796875 0.0890625 0.1890625
0 0.865625 0.25859375 0.10625 0.190625
0 0.1890625 0.29296875 0.0859375 0.2046875
0 0.3515625 0.321875 0.078125 0.16796875
0 0.46484375 0.3796875 0.16484375 0.3234375
0 0.2984375 0.4765625 0.0953125 0.22578125
0 0.334375 0.04296875 0.04296875 0.0796875
0 0.7125 0.6703125 0.1234375 0.26484375
0 0.4921875 0.06015625 0.03828125 0.0890625
0 0.1078125 0.76015625 0.1015625 0.19375
0 0.5390625 0.08671875 0.07421875 0.15703125