0 0.71328125 0.103125 0.11796875 0.17109375
0 0.97734375 0.13828125 0.0453125 0.16015625
0 0.43515625 0.090625 0.07265625 0.12734375
0 0.37890625 0.11015625 0.12578125 0.2203125
0 0.15546875 0.11953125 0.14453125 0.2296875
0 0.909375 0.278125 0.12421875 0.2421875
0 0.721875 0.28125 0.11015625 0.2015625
0 0.5859375 0.32578125 0.23125 0.38671875
0 0.7546875 0.4640625 0.13828125 0.2671875
0 0.253125 0.6109375 0.17578125 0.31640625
0 0.9125 0.8171875 0.13046875 0.23125
0 0.54921875 0.03828125 0.0921875 0.0765625