0 0.5875 0.11640625 0.09296875 0.19453125
0 0.86171875 0.12109375 0.0796875 0.1578125
0 0.32890625 0.16640625 0.05390625 0.115625
0 0.278125 0.190625 0.09453125 0.2015625
0 0.0734375 0.23359375 0.11328125 0.203125
0 0.796875 0.2703125 0.09140625 0.21875
0 0.62265625 0.3015625 0.0828125 0.1796875
0 0.5015625 0.3625 0.1765625 0.34609375
0 0.6796875 0.46640625 0.1015625 0.240625
0 0.6421875 0.02265625 0.046875 0.0453125
0 0.2375 0.6734375 0.13203125 0.2828125
0 0.4734375 0.034375 0.040625 0.06875
0 0.8828125 0.76953125 0.10859375 0.20703125
0 0.42265625 0.0671875 0.0796875 0.13359375