0 0.496875 0.13828125 0.128125 0.215625
0 0.2125 0.0984375 0.10546875 0.17421875
0 0.7546875 0.2328125 0.075 0.1265625
0 0.80234375 0.265625 0.1296875 0.221875
0 0.965625 0.34296875 0.06875 0.225
0 0.25546875 0.2625 0.128125 0.23828125
0 0.43046875 0.32265625 0.11328125 0.1984375
0 0.54453125 0.40625 0.23671875 0.38203125
0 0.346875 0.48359375 0.14375 0.26328125
0 0.46015625 0.03125 0.0609375 0.0625
0 0.76640625 0.7703125 0.18203125 0.31015625
0 0.6296875 0.06171875 0.0578125 0.10390625
0 0.08671875 0.7625 0.1453125 0.228125
0 0.67578125 0.09921875 0.10859375 0.18515625