0 0.54140625 0.12890625 0.13359375 0.225
0 0.83828125 0.0890625 0.11015625 0.178125
0 0.27265625 0.22734375 0.078125 0.13203125
0 0.22265625 0.2625 0.13515625 0.23203125
0 0.04453125 0.3421875 0.08828125 0.23515625
0 0.79296875 0.259375 0.13359375 0.2484375
0 0.6109375 0.321875 0.11796875 0.20703125
0 0.49140625 0.409375 0.246875 0.3984375
0 0.6984375 0.4890625 0.15 0.275
0 0.5796875 0.025 0.06328125 0.05
0 0.26015625 0.78828125 0.18984375 0.3234375
0 0.403125 0.0515625 0.06015625 0.103125
0 0.94609375 0.7796875 0.1078125 0.2375
0 0.35390625 0.0921875 0.1140625 0.184375