0 0.5078125 0.15078125 0.1265625 0.21328125
0 0.78984375 0.11171875 0.1046875 0.17265625
0 0.25234375 0.24453125 0.07421875 0.125
0 0.2046875 0.27734375 0.128125 0.2203125
0 0.0390625 0.35390625 0.07734375 0.2234375
0 0.746875 0.27421875 0.1265625 0.2359375
0 0.5734375 0.33359375 0.1125 0.19609375
0 0.46015625 0.4171875 0.234375 0.378125
0 0.65703125 0.49296875 0.1421875 0.2609375
0 0.54453125 0.03828125 0.06015625 0.07578125
0 0.240625 0.7765625 0.18046875 0.30703125
0 0.3765625 0.075 0.05703125 0.103125
0 0.9140625 0.76953125 0.14375 0.2265625
0 0.33046875 0.1125 0.1078125 0.18359375