0 0.60859375 0.15546875 0.0953125 0.2
0 0.88984375 0.1609375 0.08125 0.16171875
0 0.34375 0.20625 0.05546875 0.11796875
0 0.29140625 0.23203125 0.096875 0.20625
0 0.0828125 0.27578125 0.11640625 0.20859375
0 0.82265625 0.31328125 0.09375 0.22421875
0 0.6453125 0.3453125 0.08515625 0.184375
0 0.52109375 0.4078125 0.18046875 0.35390625
0 0.703125 0.5140625 0.10390625 0.246875
0 0.6640625 0.04140625 0.046875 0.0828125
0 0.25 0.7265625 0.13515625 0.28984375
0 0.49140625 0.059375 0.04140625 0.096875
0 0.91171875 0.825 0.1109375 0.21171875
0 0.43984375 0.0875 0.08125 0.171875