0 0.30078125 0.7453125 0.05234375 0.07890625
0 0.609375 0.80078125 0.075 0.1046875
0 0.46015625 0.8078125 0.03828125 0.06640625
0 0.2421875 0.81328125 0.05078125 0.0765625
0 0.346875 0.8796875 0.0609375 0.0875
0 0.728125 0.04140625 0.03359375 0.05078125
0 0.10859375 0.89765625 0.06328125 0.09296875
0 0.490625 0.96640625 0.0578125 0.06640625
0 0.6734375 0.98125 0.059375 0.0375
0 0.47578125 0.021875 0.03515625 0.04375
0 0.596875 0.03828125 0.03671875 0.05234375
0 0.26171875 0.00859375 0.03671875 0.0171875
0 0.62578125 0.053125 0.03515625 0.05078125
0 0.7453125 0.07890625 0.03671875 0.05234375
0 0.31875 0.03359375 0.03359375 0.05234375
0 0.515625 0.0640625 0.03828125 0.05078125
0 0.24765625 0.03046875 0.03359375 0.04375
0 0.78046875 0.1109375 0.03359375 0.046875
0 0.346875 0.07109375 0.03671875 0.0578125
0 0.14453125 0.04375 0.03671875 0.05625
0 0.09453125 0.0359375 0.03828125 0.05390625
0 0.9703125 0.1640625 0.0421875 0.05625
0 0.0109375 0.0375 0.021875 0.059375
0 0.0296875 0.04375 0.03828125 0.06328125
0 0.3671875 0.1 0.03828125 0.05625
0 0.9703125 0.196875 0.03828125 0.0578125
0 0.26953125 0.103125 0.03828125 0.059375
0 0.70390625 0.16484375 0.03984375 0.0609375
0 0.61953125 0.153125 0.03984375 0.0578125
0 0.10390625 0.10078125 0.03984375 0.0578125
0 0.49140625 0.16953125 0.0421875 0.06328125
0 0.19140625 0.1296875 0.04375 0.06328125
0 0.78515625 0.21328125 0.03828125 0.05234375
0 0.671875 0.20703125 0.03984375 0.06796875
0 0.8203125 0.2328125 0.03828125 0.059375
0 0.71640625 0.24140625 0.0421875 0.059375
0 0.03671875 0.1484375 0.03125 0.0453125
0 0.803125 0.26640625 0.03984375 0.0609375
0 0.1 0.16875 0.0421875 0.0609375
0 0.8953125 0.2875 0.0453125 0.06484375
0 0.75625 0.2703125 0.03984375 0.0609375
0 0.33984375 0.215625 0.04375 0.06796875
0 0.42109375 0.22890625 0.0421875 0.06640625
0 0.63828125 0.2625 0.03828125 0.059375
0 0.1375 0.20078125 0.05078125 0.0703125
0 0.0640625 0.20703125 0.046875 0.06484375
0 0.01875 0.20078125 0.0375 0.0703125
0 0.53203125 0.2765625 0.05390625 0.0734375
0 0.41875 0.2859375 0.04375 0.06796875
0 0.4984375 0.31640625 0.04921875 0.0734375
0 0.8921875 0.378125 0.046875 0.06796875
0 0.6546875 0.35078125 0.03671875 0.05390625
0 0.5640625 0.33671875 0.046875 0.0609375
0 0.046875 0.265625 0.04921875 0.0703125
0 0.43671875 0.32109375 0.05234375 0.07890625
0 0.84765625 0.38359375 0.0453125 0.06796875
0 0.28828125 0.30859375 0.04921875 0.071875
0 0.3578125 0.32265625 0.0578125 0.0890625
0 0.74375 0.39140625 0.046875 0.0703125
0 0.20703125 0.31796875 0.05390625 0.0734375
0 0.25234375 0.346875 0.05390625 0.0859375
0 0.015625 0.32578125 0.03125 0.07890625
0 0.54296875 0.40546875 0.03984375 0.06328125
0 0.21875 0.384375 0.05625 0.0875
0 0.70078125 0.45625 0.03828125 0.04921875
0 0.9453125 0.4921875 0.046875 0.06796875
0 0.61796875 0.44765625 0.04375 0.06640625
0 0.46875 0.42734375 0.03828125 0.0578125
0 0.0234375 0.36875 0.046875 0.08359375
0 0.8796875 0.49453125 0.06328125 0.0765625
0 0.99140625 0.5171875 0.0171875 0.0734375
0 0.346875 0.47890625 0.04375 0.06640625
0 0.69765625 0.54453125 0.028125 0.03671875
0 0.19921875 0.47734375 0.0453125 0.06640625
0 0.69375 0.009375 0.034375 0.01875
0 0.50078125 0.528125 0.046875 0.06640625
0 0.225 0.5015625 0.046875 0.0734375
0 0.6828125 0.578125 0.04375 0.06796875
0 0.884375 0.6078125 0.04921875 0.075
0 0.475 0.575 0.046875 0.0703125
0 0.70625 0.63203125 0.04921875 0.071875
0 0.57890625 0.63046875 0.04921875 0.071875
0 0.815625 0.66953125 0.046875 0.0734375
0 0.6484375 0.0140625 0.03515625 0.028125
0 0.55390625 0.00625 0.03125 0.0125
0 0.56328125 0.7109375 0.0421875 0.071875
0 0.9046875 0.76484375 0.046875 0.06484375
0 0.52734375 0.72265625 0.046875 0.075
0 0.51484375 0.00546875 0.0296875 0.01015625