0 0.7078125 0.71875 0.05234375 0.08203125
0 0.38671875 0.77109375 0.0765625 0.1078125
0 0.540625 0.78125 0.0390625 0.06875
0 0.76640625 0.790625 0.05234375 0.078125
0 0.65625 0.8578125 0.06015625 0.08828125
0 0.27734375 0.003125 0.03125 0.00625
0 0.90390625 0.88046875 0.06171875 0.09453125
0 0.50625 0.9546875 0.05859375 0.08671875
0 0.31640625 0.96875 0.06015625 0.06171875
0 0.41328125 0.00390625 0.0359375 0.0078125
0 0.38125 0.0109375 0.034375 0.02109375
0 0.25703125 0.0234375 0.0359375 0.046875
0 0.49765625 0.01796875 0.0375 0.0359375
0 0.22265625 0.05390625 0.034375 0.04921875
0 0.6703125 0.02421875 0.0375 0.0484375
0 0.88125 0.01171875 0.0375 0.02265625
0 0.93359375 0.0078125 0.0390625 0.015625
0 0.02265625 0.10546875 0.0421875 0.05703125
0 0.65 0.05 0.0390625 0.05703125
0 0.02421875 0.1390625 0.0390625 0.05859375
0 0.75 0.0546875 0.0390625 0.06015625
0 0.30078125 0.1109375 0.0421875 0.06171875
0 0.38828125 0.1 0.040625 0.05859375
0 0.9234375 0.05546875 0.0390625 0.05859375
0 0.51953125 0.11953125 0.0421875 0.065625
0 0.83203125 0.08359375 0.0421875 0.065625
0 0.2140625 0.1609375 0.0390625 0.05390625
0 0.33125 0.1546875 0.040625 0.0703125
0 0.1796875 0.17890625 0.0390625 0.06015625
0 0.28515625 0.190625 0.04375 0.06015625
0 0.98671875 0.10703125 0.02578125 0.04765625
0 0.1953125 0.2140625 0.040625 0.06171875
0 0.9265625 0.12578125 0.0421875 0.06171875
0 0.1 0.2359375 0.04609375 0.0671875
0 0.24375 0.21875 0.0421875 0.06171875
0 0.67578125 0.17109375 0.04375 0.0703125
0 0.59296875 0.1828125 0.0421875 0.06875
0 0.365625 0.21328125 0.0390625 0.06015625
0 0.8875 0.159375 0.05234375 0.0703125
0 0.96171875 0.165625 0.04765625 0.0671875
0 0.99453125 0.16015625 0.0109375 0.0703125
0 0.4765625 0.22890625 0.05390625 0.075
0 0.5921875 0.24296875 0.04375 0.0703125
0 0.51171875 0.27265625 0.04921875 0.075
0 0.1015625 0.32890625 0.04921875 0.0703125
0 0.346875 0.30234375 0.0375 0.05546875
0 0.4421875 0.2921875 0.04765625 0.06171875
0 0.97578125 0.2265625 0.0484375 0.071875
0 0.57421875 0.278125 0.05390625 0.08203125
0 0.146875 0.3359375 0.04609375 0.0703125
0 0.72734375 0.2671875 0.04921875 0.0734375
0 0.65625 0.28125 0.05703125 0.09140625
0 0.2546875 0.34609375 0.04921875 0.071875
0 0.81171875 0.2796875 0.05546875 0.075
0 0.7640625 0.3078125 0.05390625 0.08671875
0 0.4625 0.36328125 0.0421875 0.0640625
0 0.7984375 0.346875 0.05703125 0.08984375
0 0.29765625 0.4140625 0.0390625 0.05078125
0 0.04375 0.446875 0.04921875 0.0703125
0 0.3828125 0.40703125 0.04375 0.06875
0 0.5390625 0.3875 0.0390625 0.05859375
0 0.98671875 0.33359375 0.02578125 0.08515625
0 0.11171875 0.45078125 0.0640625 0.078125
0 0.6640625 0.44453125 0.04375 0.06875
0 0.3 0.503125 0.028125 0.0390625
0 0.81796875 0.44296875 0.04765625 0.06875
0 0.50234375 0.48984375 0.04765625 0.06875
0 0.78984375 0.46875 0.04765625 0.075
0 0.31484375 0.53828125 0.04375 0.0703125
0 0.10546875 0.56640625 0.05078125 0.0765625
0 0.53046875 0.5390625 0.04765625 0.071875
0 0.290625 0.5953125 0.04921875 0.0734375
0 0.421875 0.59375 0.04921875 0.0734375
0 0.17421875 0.63203125 0.04765625 0.075
0 0.43828125 0.67890625 0.0421875 0.0734375
0 0.0828125 0.7296875 0.04765625 0.0671875
0 0.47265625 0.6921875 0.04765625 0.0765625