0 0.653125 0.790625 0.0546875 0.0859375
0 0.315625 0.8453125 0.08046875 0.11328125
0 0.47734375 0.85546875 0.04140625 0.071875
0 0.71484375 0.865625 0.0546875 0.0828125
0 0.5984375 0.93671875 0.06328125 0.09296875
0 0.2 0.02890625 0.0328125 0.02421875
0 0.859375 0.95546875 0.065625 0.0890625
0 0.47578125 0.01171875 0.0359375 0.0234375
0 0.34375 0.02109375 0.0375 0.0421875
0 0.31015625 0.0296875 0.0359375 0.053125
0 0.18046875 0.05546875 0.0375 0.05703125
0 0.64453125 0.02109375 0.0359375 0.0421875
0 0.43203125 0.04453125 0.03984375 0.0546875
0 0.7234375 0.01796875 0.034375 0.0359375
0 0.14375 0.09140625 0.0359375 0.0515625
0 0.6140625 0.0546875 0.03984375 0.06171875
0 0.83515625 0.02890625 0.0390625 0.0578125
0 0.89140625 0.02578125 0.04140625 0.0515625
0 0.59296875 0.08671875 0.04140625 0.06015625
0 0.69765625 0.0921875 0.04140625 0.06328125
0 0.225 0.1515625 0.04453125 0.065625
0 0.3171875 0.1390625 0.04296875 0.06171875
0 0.8796875 0.09296875 0.04140625 0.06171875
0 0.45546875 0.16015625 0.04453125 0.06875
0 0.78359375 0.121875 0.04453125 0.06875
0 0.134375 0.20390625 0.04140625 0.05703125
0 0.25703125 0.196875 0.04296875 0.07421875
0 0.09765625 0.22265625 0.04140625 0.06328125
0 0.20859375 0.234375 0.04609375 0.06328125
0 0.94921875 0.146875 0.0328125 0.05
0 0.1140625 0.259375 0.04296875 0.065625
0 0.8828125 0.16640625 0.04453125 0.065625
0 0.01875 0.2828125 0.0375 0.0703125
0 0.16484375 0.26484375 0.04453125 0.065625
0 0.61953125 0.2140625 0.04609375 0.07421875
0 0.5328125 0.2265625 0.04453125 0.071875
0 0.29375 0.25859375 0.04140625 0.06328125
0 0.8421875 0.2015625 0.0546875 0.07421875
0 0.9203125 0.20859375 0.05 0.0703125
0 0.9625 0.20390625 0.02421875 0.07421875
0 0.41015625 0.275 0.05703125 0.07890625
0 0.53203125 0.28984375 0.04609375 0.07421875
0 0.446875 0.32109375 0.0515625 0.07890625
0 0.0203125 0.3796875 0.040625 0.075
0 0.27421875 0.35234375 0.03984375 0.05859375
0 0.3734375 0.3421875 0.05 0.065625
0 0.93671875 0.2734375 0.0515625 0.07578125
0 0.5125 0.3265625 0.05703125 0.0859375
0 0.06328125 0.3875 0.0484375 0.07421875
0 0.6734375 0.315625 0.0515625 0.07734375
0 0.5984375 0.3296875 0.06015625 0.09609375
0 0.17734375 0.3984375 0.0515625 0.07578125
0 0.7625 0.328125 0.05859375 0.07890625
0 0.7125 0.35859375 0.05703125 0.09140625
0 0.97265625 0.34140625 0.0375 0.084375
0 0.3953125 0.41640625 0.04453125 0.0671875
0 0.7484375 0.39921875 0.06015625 0.09453125
0 0.221875 0.4703125 0.04140625 0.053125
0 0.31171875 0.4625 0.04609375 0.071875
0 0.47578125 0.44140625 0.04140625 0.06171875
0 0.96484375 0.38515625 0.06328125 0.0890625
0 0.0296875 0.50859375 0.059375 0.0828125
0 0.60703125 0.5015625 0.04609375 0.071875
0 0.22421875 0.56328125 0.02890625 0.04140625
0 0.76875 0.5 0.05 0.071875
0 0.4375 0.55 0.05 0.071875
0 0.73984375 0.52734375 0.05 0.07890625
0 0.23984375 0.60078125 0.04609375 0.07421875
0 0.0234375 0.6296875 0.04609375 0.08046875
0 0.46640625 0.6015625 0.05 0.07578125
0 0.21484375 0.6609375 0.0515625 0.07734375
0 0.35234375 0.65859375 0.0515625 0.07734375
0 0.0921875 0.69921875 0.05 0.07890625
0 0.36953125 0.7484375 0.04453125 0.07734375
0 0.01015625 0.8015625 0.0203125 0.0703125
0 0.40625 0.76171875 0.05 0.08046875