0 0.63828125 0.75 0.0484375 0.07265625
0 0.3546875 0.80078125 0.06875 0.09609375
0 0.634375 0.0359375 0.03359375 0.046875
0 0.98359375 0.725 0.03203125 0.07421875
0 0.4921875 0.80703125 0.03515625 0.0609375
0 0.959375 0.75234375 0.046875 0.07109375
0 0.6921875 0.81171875 0.046875 0.07109375
0 0.575 0.04921875 0.03359375 0.05
0 0.5953125 0.87265625 0.05625 0.08046875
0 0.2453125 0.10234375 0.03046875 0.046875
0 0.64921875 0.04453125 0.03203125 0.046875
0 0.78828125 0.02578125 0.02734375 0.03828125
0 0.81484375 0.88984375 0.0578125 0.08515625
0 0.7421875 0.0375 0.03046875 0.03671875
0 0.4640625 0.9609375 0.053125 0.078125
0 0.29609375 0.975 0.0546875 0.05
0 0.9328125 0.021875 0.03828125 0.04375
0 0.97578125 0.92421875 0.0484375 0.07109375
0 0.47734375 0.08046875 0.03203125 0.0484375
0 0.365625 0.1 0.03359375 0.0484375
0 0.67421875 0.05703125 0.03359375 0.046875
0 0.3390625 0.11328125 0.03203125 0.046875
0 0.22890625 0.13671875 0.03359375 0.0484375
0 0.62109375 0.09453125 0.03046875 0.0484375
0 0.440625 0.12265625 0.03515625 0.046875
0 0.6875 0.0921875 0.03046875 0.03984375
0 0.196875 0.16640625 0.03046875 0.04375
0 0.5953125 0.1296875 0.03359375 0.053125
0 0.78203125 0.1046875 0.03359375 0.0515625
0 0.828125 0.09765625 0.03515625 0.05
0 0.02265625 0.215625 0.03828125 0.0515625
0 0.378125 0.01484375 0.02578125 0.02265625
0 0.91484375 0.1 0.03828125 0.0546875
0 0.8875 0.1046875 0.03515625 0.0578125
0 0.57734375 0.15625 0.03515625 0.0515625
0 0.28125 0.0296875 0.02890625 0.02734375
0 0.02265625 0.2453125 0.03515625 0.053125
0 0.6671875 0.159375 0.03515625 0.0546875
0 0.26796875 0.21640625 0.03671875 0.05625
0 0.34453125 0.2046875 0.03671875 0.053125
0 0.81875 0.15703125 0.03671875 0.053125
0 0.46328125 0.2203125 0.03828125 0.0578125
0 0.4703125 0.0125 0.028125 0.025
0 0.7390625 0.18359375 0.03984375 0.0578125
0 0.19296875 0.26015625 0.03515625 0.0484375
0 0.296875 0.2546875 0.03671875 0.0625
0 0.1609375 0.278125 0.03515625 0.0546875
0 0.25546875 0.2859375 0.03828125 0.0546875
0 0.88125 0.20078125 0.02890625 0.0421875
0 0.17578125 0.309375 0.03671875 0.05625
0 0.8234375 0.21953125 0.03828125 0.05625
0 0.09140625 0.32890625 0.0421875 0.059375
0 0.21953125 0.3125 0.03671875 0.05625
0 0.60234375 0.2625 0.03984375 0.0625
0 0.52734375 0.275 0.03828125 0.0609375
0 0.328125 0.30546875 0.03515625 0.0546875
0 0.78828125 0.24921875 0.046875 0.0640625
0 0.85625 0.2546875 0.04375 0.059375
0 0.90390625 0.24921875 0.0453125 0.0640625
0 0.425 0.31796875 0.05 0.0671875
0 0.5296875 0.32734375 0.03984375 0.0625
0 0.45625 0.35546875 0.0453125 0.0671875
0 0.09375 0.4125 0.04375 0.0625
0 0.3125 0.38671875 0.03359375 0.05
0 0.39609375 0.3734375 0.04375 0.05625
0 0.87109375 0.30859375 0.0453125 0.0640625
0 0.5125 0.359375 0.0484375 0.07265625
0 0.13515625 0.4171875 0.0421875 0.0625
0 0.64921875 0.3484375 0.0453125 0.065625
0 0.5859375 0.3609375 0.053125 0.08203125
0 0.23046875 0.42421875 0.04375 0.0640625
0 0.72421875 0.35703125 0.05 0.0671875
0 0.6828125 0.38359375 0.05 0.07890625
0 0.909375 0.3640625 0.046875 0.07265625
0 0.415625 0.4375 0.03671875 0.0578125
0 0.7140625 0.41796875 0.0515625 0.08046875
0 0.2703125 0.48359375 0.03515625 0.0453125
0 0.04609375 0.5171875 0.04375 0.0625
0 0.34609375 0.47578125 0.03984375 0.0609375
0 0.48359375 0.45703125 0.03515625 0.053125
0 0.89765625 0.40390625 0.053125 0.07734375
0 0.10625 0.51953125 0.0578125 0.07109375
0 0.00546875 0.53984375 0.0109375 0.0671875
0 0.99609375 0.41484375 0.0078125 0.0546875
0 0.34609375 0.05 0.03046875 0.0453125
0 0.5953125 0.5046875 0.03984375 0.0609375
0 0.2734375 0.56484375 0.02578125 0.03359375
0 0.73125 0.503125 0.0421875 0.0609375
0 0.27734375 0.06015625 0.03046875 0.04375
0 0.95625 0.471875 0.03828125 0.059375
0 0.45390625 0.55 0.04375 0.0609375
0 0.7078125 0.52578125 0.04375 0.0671875
0 0.28671875 0.5953125 0.03984375 0.0625
0 0.5046875 0.03203125 0.03203125 0.0484375
0 0.1015625 0.62265625 0.0453125 0.06875
0 0.478125 0.59296875 0.04375 0.0640625
0 0.9671875 0.54453125 0.04375 0.065625
0 0.265625 0.6453125 0.0453125 0.065625
0 0.3828125 0.64375 0.0453125 0.065625
0 0.16484375 0.6796875 0.04375 0.0671875
0 0.31796875 0.065625 0.03203125 0.0484375
0 0.40546875 0.05546875 0.02890625 0.03984375
0 0.60625 0.028125 0.02890625 0.03984375
0 0.83828125 0.01015625 0.0359375 0.0203125
0 0.76015625 0.01640625 0.03203125 0.03203125
0 0.396875 0.71796875 0.03828125 0.065625
0 0.0828125 0.76796875 0.04375 0.059375
0 0.4296875 0.72890625 0.04375 0.06875
0 0.44140625 0.0578125 0.02734375 0.03203125