0 0.290625 0.734375 0.053125 0.0828125
0 0.61484375 0.7875 0.07734375 0.10859375
0 0.45859375 0.796875 0.03984375 0.06953125
0 0.23125 0.80703125 0.053125 0.07890625
0 0.3421875 0.87421875 0.0609375 0.0890625
0 0.725 0.0078125 0.03125 0.01484375
0 0.0921875 0.89765625 0.0625 0.09609375
0 0.49375 0.9640625 0.059375 0.071875
0 0.6859375 0.97734375 0.0609375 0.04453125
0 0.5875 0.00859375 0.0359375 0.01640625
0 0.61953125 0.01484375 0.034375 0.0296875
0 0.74453125 0.02890625 0.0359375 0.0546875
0 0.29765625 0.00859375 0.034375 0.01640625
0 0.50234375 0.02265625 0.03828125 0.04453125
0 0.22265625 0.0046875 0.0328125 0.009375
0 0.7796875 0.0625 0.034375 0.04921875
0 0.32734375 0.02890625 0.03828125 0.0578125
0 0.11484375 0.015625 0.03828125 0.03125
0 0.0609375 0.0125 0.03984375 0.025
0 0.98046875 0.11484375 0.0390625 0.0578125
0 0.3484375 0.05859375 0.03984375 0.0578125
0 0.98046875 0.1484375 0.0390625 0.059375
0 0.24765625 0.06328125 0.03984375 0.0609375
0 0.7015625 0.1203125 0.04296875 0.0625
0 0.61328125 0.10859375 0.04140625 0.059375
0 0.07265625 0.0640625 0.03984375 0.059375
0 0.48046875 0.12890625 0.04296875 0.065625
0 0.16484375 0.0921875 0.04296875 0.065625
0 0.7890625 0.17109375 0.03984375 0.0546875
0 0.67109375 0.1640625 0.04140625 0.07109375
0 0.8234375 0.1890625 0.03984375 0.0609375
0 0.7171875 0.20078125 0.04453125 0.0609375
0 0.0109375 0.11640625 0.02109375 0.04765625
0 0.8078125 0.22421875 0.04140625 0.0625
0 0.06953125 0.13515625 0.04296875 0.0625
0 0.90390625 0.246875 0.04609375 0.06796875
0 0.759375 0.2296875 0.04296875 0.0625
0 0.32265625 0.18046875 0.04453125 0.07109375
0 0.40625 0.19296875 0.04296875 0.06953125
0 0.63515625 0.2234375 0.03984375 0.0609375
0 0.10859375 0.16953125 0.053125 0.07109375
0 0.03359375 0.17578125 0.04765625 0.06796875
0 0.00234375 0.17109375 0.0046875 0.07109375
0 0.52421875 0.2390625 0.0546875 0.07578125
0 0.40703125 0.253125 0.04453125 0.07109375
0 0.48828125 0.28359375 0.04921875 0.07578125
0 0.90234375 0.340625 0.04921875 0.07109375
0 0.65390625 0.31328125 0.03828125 0.05625
0 0.55859375 0.30390625 0.04765625 0.0625
0 0.021875 0.23671875 0.04375 0.0734375
0 0.425 0.2890625 0.0546875 0.0828125
0 0.85625 0.34765625 0.04609375 0.07109375
0 0.2703125 0.278125 0.04921875 0.07421875
0 0.3421875 0.2921875 0.0578125 0.0921875
0 0.74765625 0.3578125 0.04921875 0.07265625
0 0.18515625 0.290625 0.05625 0.07578125
0 0.23359375 0.31953125 0.0546875 0.0875
0 0.53828125 0.37578125 0.04296875 0.0640625
0 0.19921875 0.35859375 0.0578125 0.090625
0 0.7046875 0.4265625 0.03984375 0.05078125
0 0.96015625 0.459375 0.04921875 0.07109375
0 0.61796875 0.41953125 0.04453125 0.06953125
0 0.46015625 0.39921875 0.03984375 0.059375
0 0.0109375 0.34453125 0.02109375 0.0859375
0 0.8921875 0.4640625 0.0640625 0.07890625
0 0.334375 0.45703125 0.04453125 0.06953125
0 0.70234375 0.51640625 0.028125 0.03984375
0 0.17890625 0.45546875 0.04765625 0.06953125
0 0.49765625 0.503125 0.04765625 0.06953125
0 0.20703125 0.48203125 0.04765625 0.07578125
0 0.6875 0.55234375 0.04453125 0.07109375
0 0.8984375 0.5796875 0.05078125 0.07734375
0 0.46953125 0.553125 0.04765625 0.07265625
0 0.7109375 0.609375 0.04921875 0.07421875
0 0.57890625 0.6078125 0.04921875 0.07421875
0 0.82890625 0.646875 0.04765625 0.07578125
0 0.5625 0.69375 0.04296875 0.07421875
0 0.921875 0.7453125 0.04765625 0.06796875
0 0.52734375 0.70703125 0.04765625 0.07734375