0 0.63515625 0.775 0.04921875 0.07421875
0 0.34375 0.8265625 0.07109375 0.09921875
0 0.63125 0.0421875 0.034375 0.04765625
0 0.98671875 0.74921875 0.0265625 0.07578125
0 0.48515625 0.83359375 0.0359375 0.0625
0 0.96484375 0.77734375 0.04765625 0.07265625
0 0.690625 0.83828125 0.04765625 0.07265625
0 0.5703125 0.05546875 0.034375 0.05078125
0 0.59140625 0.90078125 0.0578125 0.0828125
0 0.23203125 0.109375 0.03125 0.04765625
0 0.646875 0.05 0.0328125 0.04765625
0 0.78984375 0.03125 0.028125 0.03984375
0 0.8171875 0.91796875 0.059375 0.0875
0 0.74140625 0.04375 0.03125 0.03828125
0 0.45625 0.97578125 0.0546875 0.04765625
0 0.28359375 0.98984375 0.05625 0.01953125
0 0.9375 0.025 0.03984375 0.04921875
0 0.978125 0.953125 0.04375 0.071875
0 0.4703125 0.0875 0.0328125 0.04921875
0 0.35546875 0.10703125 0.034375 0.04921875
0 0.67265625 0.06328125 0.034375 0.04765625
0 0.328125 0.12109375 0.0328125 0.04765625
0 0.215625 0.1453125 0.034375 0.04921875
0 0.61796875 0.10234375 0.03125 0.04921875
0 0.43203125 0.13125 0.0359375 0.04765625
0 0.6859375 0.1 0.03125 0.04140625
0 0.18203125 0.17578125 0.03125 0.04453125
0 0.59140625 0.1375 0.034375 0.0546875
0 0.7828125 0.1125 0.034375 0.053125
0 0.8296875 0.1046875 0.0359375 0.05078125
0 0.01171875 0.22578125 0.0234375 0.053125
0 0.36796875 0.01953125 0.0265625 0.0234375
0 0.91953125 0.10703125 0.03984375 0.05625
0 0.89140625 0.1125 0.0359375 0.059375
0 0.57265625 0.16484375 0.0359375 0.053125
0 0.26875 0.03515625 0.0296875 0.028125
0 0.0109375 0.25625 0.02109375 0.0546875
0 0.66484375 0.16796875 0.0359375 0.05625
0 0.2546875 0.2265625 0.03828125 0.0578125
0 0.334375 0.215625 0.03828125 0.0546875
0 0.82109375 0.165625 0.03828125 0.0546875
0 0.45546875 0.23125 0.03984375 0.059375
0 0.4640625 0.015625 0.0296875 0.03125
0 0.73828125 0.19296875 0.04140625 0.059375
0 0.178125 0.27265625 0.0359375 0.04921875
0 0.284375 0.26640625 0.03828125 0.0640625
0 0.1453125 0.290625 0.0359375 0.05625
0 0.2421875 0.2984375 0.03984375 0.05625
0 0.884375 0.2109375 0.0296875 0.04296875
0 0.1609375 0.32265625 0.03828125 0.0578125
0 0.825 0.23046875 0.03984375 0.0578125
0 0.07421875 0.3421875 0.04296875 0.0609375
0 0.20546875 0.32578125 0.03828125 0.0578125
0 0.5984375 0.275 0.04140625 0.0640625
0 0.52109375 0.2875 0.03984375 0.0625
0 0.3171875 0.31875 0.0359375 0.05625
0 0.78984375 0.2609375 0.04765625 0.065625
0 0.85859375 0.26640625 0.04453125 0.0609375
0 0.9078125 0.2609375 0.04609375 0.065625
0 0.41640625 0.33203125 0.05078125 0.06953125
0 0.52421875 0.340625 0.04140625 0.0640625
0 0.44921875 0.36953125 0.04609375 0.06953125
0 0.0765625 0.428125 0.04453125 0.0640625
0 0.30078125 0.4015625 0.034375 0.05078125
0 0.38671875 0.38828125 0.04453125 0.0578125
0 0.87421875 0.321875 0.04609375 0.065625
0 0.50625 0.3734375 0.04921875 0.07421875
0 0.11875 0.4328125 0.04296875 0.0640625
0 0.646875 0.3625 0.04609375 0.06796875
0 0.58203125 0.37578125 0.0546875 0.084375
0 0.2171875 0.440625 0.04453125 0.065625
0 0.7234375 0.37109375 0.05078125 0.06953125
0 0.68046875 0.3984375 0.05078125 0.08046875
0 0.91328125 0.37890625 0.04765625 0.07421875
0 0.40703125 0.45390625 0.03828125 0.059375
0 0.7125 0.434375 0.053125 0.0828125
0 0.2578125 0.5015625 0.0359375 0.04609375
0 0.02734375 0.53515625 0.04453125 0.0640625
0 0.3359375 0.49375 0.04140625 0.0625
0 0.4765625 0.47421875 0.0359375 0.0546875
0 0.9015625 0.41953125 0.0546875 0.07890625
0 0.0890625 0.53828125 0.059375 0.07265625
0 0.3359375 0.05625 0.03125 0.04609375
0 0.59140625 0.5234375 0.04140625 0.0625
0 0.2609375 0.58515625 0.0265625 0.034375
0 0.73125 0.52109375 0.04296875 0.0625
0 0.26484375 0.0671875 0.03125 0.04453125
0 0.96171875 0.4890625 0.03984375 0.0609375
0 0.44609375 0.56953125 0.04453125 0.0625
0 0.70703125 0.54453125 0.04453125 0.06953125
0 0.275 0.61640625 0.04140625 0.0640625
0 0.4984375 0.03828125 0.0328125 0.04921875
0 0.084375 0.64453125 0.04609375 0.07109375
0 0.47109375 0.6140625 0.04453125 0.065625
0 0.97265625 0.56328125 0.04453125 0.06796875
0 0.25234375 0.6671875 0.04609375 0.06796875
0 0.37265625 0.665625 0.04609375 0.06796875
0 0.14921875 0.703125 0.04453125 0.06953125
0 0.30703125 0.07265625 0.0328125 0.04921875
0 0.39609375 0.06171875 0.0296875 0.04140625
0 0.60234375 0.03359375 0.0296875 0.04140625
0 0.84140625 0.01328125 0.0359375 0.0265625
0 0.76015625 0.01875 0.0328125 0.0375
0 0.3875 0.74140625 0.03984375 0.06796875
0 0.06484375 0.79296875 0.04453125 0.0609375
0 0.421875 0.753125 0.04453125 0.07109375
0 0.4328125 0.0640625 0.028125 0.0328125