0 0.43515625 0.26796875 0.11953125 0.27421875
0 0.6546875 0.2828125 0.065625 0.09140625
0 0.32109375 0.28671875 0.11953125 0.2640625
0 0.79921875 0.34453125 0.1140625 0.28515625
0 0.9046875 0.3546875 0.1546875 0.31328125
0 0.1703125 0.35625 0.05234375 0.1546875
0 0.51328125 0.36015625 0.12578125 0.28828125
0 0.10078125 0.3734375 0.14453125 0.32734375
0 0.60234375 0.39296875 0.06640625 0.11796875
0 0.028125 0.44765625 0.05625 0.253125
0 0.69765625 0.64375 0.146875 0.30703125
0 0.209375 0.7546875 0.17734375 0.36484375