0 0.67265625 0.19140625 0.0640625 0.0890625
0 0.1796875 0.203125 0.06875 0.1
0 0.29921875 0.20625 0.0453125 0.096875
0 0.8578125 0.215625 0.071875 0.078125
0 0.2515625 0.23046875 0.096875 0.1703125
0 0.91484375 0.2296875 0.0390625 0.09375
0 0.4328125 0.253125 0.0625 0.115625
0 0.7390625 0.26484375 0.046875 0.0953125
0 0.6078125 0.2671875 0.0625 0.09375
0 0.075 0.2703125 0.10625 0.190625
0 0.51640625 0.2875 0.1171875 0.25625
0 0.1859375 0.2984375 0.065625 0.084375
0 0.3734375 0.30390625 0.059375 0.1234375
0 0.16875 0.03203125 0.059375 0.0640625
0 0.6890625 0.365625 0.065625 0.125
0 0.6890625 0.040625 0.053125 0.075
0 0.31875 0.40625 0.1 0.196875
0 0.78671875 0.421875 0.1140625 0.25
0 0.62890625 0.42265625 0.1140625 0.1046875
0 0.934375 0.4296875 0.125 0.25625
0 0.1734375 0.48125 0.0875 0.175
0 0.35625 0.59140625 0.128125 0.2890625
0 0.640625 0.59453125 0.159375 0.3046875
0 0.8390625 0.6109375 0.109375 0.1375
0 0.85078125 0.06953125 0.0796875 0.1234375
0 0.028125 0.0703125 0.053125 0.13125
0 0.93125 0.6984375 0.05625 0.13125
0 0.540625 0.71875 0.075 0.11875
0 0.25234375 0.73125 0.1265625 0.253125
0 0.896875 0.759375 0.04375 0.1125
0 0.7875 0.7921875 0.18125 0.38125
0 0.05234375 0.79453125 0.0859375 0.0921875
0 0.2671875 0.08046875 0.096875 0.1359375
0 0.5015625 0.0828125 0.103125 0.1625
0 0.378125 0.090625 0.1 0.1625
0 0.28125 0.9109375 0.134375 0.1375
0 0.634375 0.91875 0.125 0.128125
0 0.76875 0.09375 0.084375 0.165625
0 0.915625 0.09375 0.084375 0.175
0 0.15 0.1109375 0.08125 0.15625
0 0.6546875 0.121875 0.075 0.10625
0 0.5625 0.1390625 0.059375 0.103125