0 0.23046875 0.23046875 0.08515625 0.1109375
0 0.79375 0.17734375 0.09140625 0.1234375
0 0.6578125 0.1953125 0.0640625 0.1171875
0 0.03515625 0.284375 0.0703125 0.1
0 0.715625 0.21796875 0.13515625 0.20703125
0 0.5109375 0.26796875 0.08671875 0.13984375
0 0.165625 0.3265625 0.0671875 0.115625
0 0.31484375 0.30859375 0.08359375 0.115625
0 0.91875 0.2390625 0.14296875 0.2296875
0 0.421875 0.32109375 0.16875 0.30703125
0 0.79921875 0.2859375 0.08671875 0.10625
0 0.5859375 0.3171875 0.08515625 0.14921875
0 0.78125 0.01015625 0.075 0.0203125
0 0.23671875 0.43203125 0.09296875 0.15234375
0 0.19296875 0.0640625 0.07109375 0.08984375
0 0.6625 0.42734375 0.14140625 0.23828125
0 0.13359375 0.51015625 0.1640625 0.30078125
0 0.3125 0.4890625 0.14296875 0.13515625
0 0.02734375 0.534375 0.0546875 0.30078125
0 0.83828125 0.4921875 0.1234375 0.2125
0 0.646875 0.64296875 0.18515625 0.34765625
0 0.32421875 0.6859375 0.2234375 0.36796875
0 0.1 0.73359375 0.14453125 0.171875
0 0.03125 0.1171875 0.0625 0.15078125
0 0.93203125 0.040625 0.0515625 0.08125
0 0.02734375 0.84375 0.0421875 0.15078125
0 0.45390625 0.81328125 0.1015625 0.14453125
0 0.78359375 0.7875 0.178125 0.30546875
0 0.05546875 0.91015625 0.065625 0.13515625
0 0.1765625 0.85 0.25 0.3
0 0.98203125 0.83203125 0.03515625 0.1140625
0 0.67578125 0.065625 0.1296875 0.13125
0 0.40859375 0.0921875 0.1390625 0.184375
0 0.55234375 0.08671875 0.13671875 0.1734375
0 0.7703125 0.95234375 0.1609375 0.08828125
0 0.3671875 0.9859375 0.146875 0.028125
0 0.1078125 0.13359375 0.11875 0.19921875
0 0.81171875 0.08125 0.115625 0.1625
0 0.24140625 0.15 0.1 0.13046875
0 0.3484375 0.1578125 0.08203125 0.12578125