0 0.6671875 0.1921875 0.0671875 0.09296875
0 0.15234375 0.20390625 0.071875 0.1046875
0 0.27734375 0.2078125 0.04765625 0.1015625
0 0.8609375 0.2171875 0.075 0.08203125
0 0.22734375 0.2328125 0.1015625 0.178125
0 0.92109375 0.23203125 0.040625 0.09765625
0 0.41640625 0.25625 0.065625 0.12109375
0 0.73671875 0.26875 0.04921875 0.1
0 0.6 0.27109375 0.065625 0.09765625
0 0.04921875 0.27421875 0.09765625 0.19921875
0 0.50390625 0.2921875 0.12265625 0.26796875
0 0.15859375 0.30390625 0.06875 0.08828125
0 0.3546875 0.309375 0.06171875 0.12890625
0 0.140625 0.0296875 0.06171875 0.05859375
0 0.684375 0.37421875 0.06875 0.13046875
0 0.684375 0.03671875 0.05546875 0.0734375
0 0.29765625 0.41640625 0.1046875 0.20625
0 0.78671875 0.4328125 0.11953125 0.26171875
0 0.621875 0.43359375 0.11953125 0.109375
0 0.9375 0.440625 0.125 0.26875
0 0.1453125 0.4953125 0.09140625 0.1828125
0 0.33671875 0.61015625 0.134375 0.30234375
0 0.634375 0.61328125 0.16640625 0.31875
0 0.84140625 0.63046875 0.1140625 0.14375
0 0.85390625 0.06484375 0.08359375 0.12890625
0 0.0109375 0.0671875 0.02109375 0.134375
0 0.93828125 0.721875 0.05859375 0.1375
0 0.5296875 0.74375 0.078125 0.12421875
0 0.228125 0.75625 0.13203125 0.26484375
0 0.90234375 0.7859375 0.04609375 0.11796875
0 0.7875 0.81015625 0.18984375 0.37890625
0 0.03203125 0.82265625 0.0640625 0.09609375
0 0.24375 0.07578125 0.1015625 0.1421875
0 0.48828125 0.08203125 0.1078125 0.16328125
0 0.359375 0.08671875 0.1046875 0.1703125
0 0.2578125 0.9359375 0.140625 0.12734375
0 0.62734375 0.94296875 0.13046875 0.1140625
0 0.76796875 0.08984375 0.08828125 0.1734375
0 0.921875 0.090625 0.08828125 0.18125
0 0.12109375 0.1078125 0.08515625 0.16328125
0 0.6484375 0.11953125 0.078125 0.1109375
0 0.55234375 0.1375 0.06171875 0.1078125