0 0.6890625 0.16875 0.08203125 0.10625
0 0.1421875 0.240625 0.08828125 0.1203125
0 0.275 0.228125 0.0609375 0.1125
0 0.896875 0.17421875 0.08671875 0.09453125
0 0.2265625 0.2609375 0.12890625 0.20078125
0 0.95625 0.184375 0.0453125 0.1078125
0 0.42890625 0.265625 0.08359375 0.13515625
0 0.7703125 0.24453125 0.0640625 0.1125
0 0.62578125 0.2609375 0.08046875 0.1109375
0 0.0515625 0.3265625 0.103125 0.221875
0 0.52578125 0.2953125 0.1609375 0.29765625
0 0.1609375 0.34453125 0.08359375 0.1015625
0 0.36875 0.32890625 0.08203125 0.14296875
0 0.11015625 0.053125 0.07265625 0.07421875
0 0.72734375 0.3609375 0.08828125 0.14609375
0 0.68828125 0.02265625 0.0671875 0.0453125
0 0.32109375 0.44921875 0.13359375 0.2296875
0 0.84140625 0.4109375 0.15625 0.290625
0 0.6671875 0.43125 0.13828125 0.12890625
0 0.9609375 0.4078125 0.078125 0.290625
0 0.16796875 0.55 0.1171875 0.20546875
0 0.38359375 0.65 0.175 0.3359375
0 0.69921875 0.6203125 0.2125 0.35703125
0 0.92265625 0.61640625 0.13828125 0.165625
0 0.87265625 0.04296875 0.103125 0.08515625
0 0.99765625 0.703125 0.0046875 0.14609375
0 0.603125 0.77109375 0.09609375 0.13984375
0 0.284375 0.81875 0.1703125 0.29453125
0 0.98515625 0.77265625 0.02890625 0.13046875
0 0.88125 0.78984375 0.2375 0.3796875
0 0.07109375 0.91171875 0.10625 0.1125
0 0.225 0.09296875 0.121875 0.1609375
0 0.484375 0.08203125 0.13359375 0.1640625
0 0.34765625 0.09296875 0.1296875 0.1859375
0 0.33359375 0.9640625 0.1578125 0.071875
0 0.728125 0.95 0.14765625 0.09296875
0 0.78359375 0.07265625 0.1140625 0.14453125
0 0.928125 0.06640625 0.078125 0.1328125
0 0.1 0.14140625 0.109375 0.18359375
0 0.6609375 0.09375 0.09609375 0.12734375
0 0.559375 0.12265625 0.07734375 0.1203125