0 0.31640625 0.14609375 0.08671875 0.11171875
0 0.8921875 0.22109375 0.09296875 0.12734375
0 0.75234375 0.20859375 0.0640625 0.11875
0 0.096875 0.1515625 0.09140625 0.1
0 0.803125 0.24296875 0.1359375 0.21171875
0 0.03359375 0.16171875 0.04765625 0.11328125
0 0.58984375 0.24765625 0.08828125 0.1421875
0 0.23046875 0.22578125 0.06796875 0.11875
0 0.3828125 0.24296875 0.084375 0.1171875
0 0.9671875 0.3109375 0.065625 0.234375
0 0.48828125 0.27890625 0.16953125 0.31328125
0 0.87265625 0.33125 0.08828125 0.10703125
0 0.653125 0.3140625 0.08671875 0.15078125
0 0.9265625 0.03125 0.0765625 0.0625
0 0.27578125 0.3484375 0.09296875 0.15390625
0 0.3171875 0.0078125 0.07109375 0.015625
0 0.70390625 0.44140625 0.140625 0.2421875
0 0.15546875 0.40078125 0.1640625 0.30703125
0 0.3390625 0.421875 0.14609375 0.1359375
0 0.03515625 0.396875 0.0703125 0.30625
0 0.865625 0.54765625 0.1234375 0.2171875
0 0.63828125 0.653125 0.184375 0.35390625
0 0.30546875 0.621875 0.2234375 0.3765625
0 0.07109375 0.61796875 0.1421875 0.17421875
0 0.121875 0.02890625 0.10859375 0.0578125
0 0.40703125 0.78046875 0.1015625 0.14765625
0 0.7421875 0.83125 0.1796875 0.31015625
0 0.009375 0.78203125 0.01875 0.1375
0 0.11875 0.80078125 0.2375 0.3984375
0 0.95625 0.928125 0.0875 0.11875
0 0.80546875 0.07578125 0.12890625 0.15078125
0 0.53125 0.0703125 0.140625 0.140625
0 0.67578125 0.08203125 0.1375 0.1640625
0 0.68984375 0.9734375 0.16640625 0.05234375
0 0.27421875 0.96015625 0.15625 0.0796875
0 0.21640625 0.06015625 0.1203125 0.1203125
0 0.0625 0.05390625 0.08125 0.1078125
0 0.9375 0.1171875 0.115625 0.19296875
0 0.34609375 0.0671875 0.1015625 0.13359375
0 0.45234375 0.09765625 0.08125 0.12734375