0 0.30546875 0.18125 0.0796875 0.103125
0 0.83671875 0.25078125 0.0859375 0.1171875
0 0.7078125 0.2390625 0.059375 0.109375
0 0.103125 0.18671875 0.084375 0.0921875
0 0.7546875 0.27109375 0.125 0.1953125
0 0.0453125 0.19609375 0.04375 0.1046875
0 0.5578125 0.275 0.08125 0.13125
0 0.2265625 0.2546875 0.0625 0.109375
0 0.3671875 0.27109375 0.078125 0.1078125
0 0.9375 0.334375 0.125 0.215625
0 0.4640625 0.30390625 0.15625 0.2890625
0 0.81875 0.35234375 0.08125 0.0984375
0 0.61640625 0.33671875 0.0796875 0.1390625
0 0.86796875 0.06875 0.0703125 0.071875
0 0.26796875 0.36796875 0.0859375 0.1421875
0 0.30625 0.03046875 0.065625 0.0609375
0 0.66328125 0.45390625 0.1296875 0.2234375
0 0.15703125 0.41640625 0.1515625 0.2828125
0 0.3265625 0.4359375 0.134375 0.125
0 0.0390625 0.41328125 0.078125 0.2828125
0 0.81171875 0.5515625 0.1140625 0.2
0 0.60234375 0.64921875 0.1703125 0.3265625
0 0.2953125 0.6203125 0.20625 0.346875
0 0.078125 0.61640625 0.134375 0.1609375
0 0.1265625 0.05 0.1 0.1
0 0.98984375 0.12265625 0.0203125 0.1453125
0 0.00390625 0.70078125 0.0078125 0.1421875
0 0.3890625 0.76640625 0.09375 0.1359375
0 0.6984375 0.81328125 0.165625 0.2859375
0 0.015625 0.76796875 0.03125 0.1265625
0 0.11640625 0.7859375 0.2328125 0.36875
0 0.90625 0.903125 0.103125 0.109375
0 0.75625 0.1078125 0.11875 0.15625
0 0.50390625 0.08828125 0.1296875 0.1765625
0 0.63671875 0.10546875 0.1265625 0.1859375
0 0.65 0.96015625 0.153125 0.0796875
0 0.2671875 0.940625 0.14375 0.090625
0 0.21328125 0.07890625 0.1109375 0.1578125
0 0.071875 0.0734375 0.075 0.146875
0 0.878125 0.1546875 0.10625 0.178125
0 0.3328125 0.10859375 0.09375 0.1234375
0 0.43125 0.13671875 0.075 0.1171875