0 0.67578125 0.19296875 0.06484375 0.090625
0 0.17421875 0.2046875 0.06953125 0.1015625
0 0.29609375 0.2078125 0.04609375 0.0984375
0 0.86328125 0.2171875 0.07265625 0.0796875
0 0.24765625 0.2328125 0.0984375 0.17265625
0 0.92109375 0.23203125 0.03984375 0.0953125
0 0.43203125 0.25546875 0.06328125 0.1171875
0 0.74296875 0.2671875 0.04765625 0.096875
0 0.609375 0.26953125 0.06328125 0.0953125
0 0.06796875 0.27265625 0.1078125 0.19375
0 0.51640625 0.290625 0.11875 0.26015625
0 0.18125 0.3015625 0.06640625 0.0859375
0 0.37109375 0.30703125 0.06015625 0.12578125
0 0.16328125 0.03203125 0.06015625 0.06328125
0 0.6921875 0.36953125 0.06640625 0.12734375
0 0.6921875 0.03984375 0.05390625 0.0765625
0 0.315625 0.4109375 0.1015625 0.2
0 0.79140625 0.42734375 0.115625 0.25390625
0 0.63125 0.428125 0.115625 0.10625
0 0.9390625 0.43515625 0.121875 0.26015625
0 0.16796875 0.4875 0.0890625 0.178125
0 0.35390625 0.59921875 0.13046875 0.29375
0 0.64296875 0.60234375 0.16171875 0.309375
0 0.84453125 0.61875 0.1109375 0.13984375
0 0.85625 0.06875 0.08125 0.12578125
0 0.0234375 0.06875 0.046875 0.134375
0 0.93828125 0.7078125 0.05703125 0.13359375
0 0.54140625 0.72890625 0.0765625 0.1203125
0 0.2484375 0.74140625 0.12890625 0.25703125
0 0.903125 0.76953125 0.04453125 0.1140625
0 0.7921875 0.803125 0.184375 0.3875
0 0.0453125 0.80546875 0.0875 0.09375
0 0.26328125 0.08046875 0.0984375 0.13828125
0 0.5015625 0.0828125 0.1046875 0.16484375
0 0.3765625 0.090625 0.1015625 0.16484375
0 0.278125 0.9234375 0.13671875 0.13984375
0 0.63671875 0.93203125 0.12734375 0.13046875
0 0.77265625 0.09375 0.0859375 0.16796875
0 0.921875 0.09375 0.0859375 0.178125
0 0.14453125 0.1109375 0.0828125 0.15859375
0 0.65703125 0.121875 0.0765625 0.1078125
0 0.56328125 0.13984375 0.06015625 0.1046875