0 0.778125 0.20859375 0.0859375 0.11171875
0 0.21015625 0.1546875 0.0921875 0.125
0 0.34765625 0.17265625 0.06484375 0.11875
0 0.9703125 0.2625 0.059375 0.1
0 0.2890625 0.1953125 0.13671875 0.209375
0 0.4953125 0.24609375 0.0875 0.14140625
0 0.84453125 0.30546875 0.06796875 0.1171875
0 0.69296875 0.2875 0.084375 0.1171875
0 0.08359375 0.21640625 0.14453125 0.23203125
0 0.58515625 0.29921875 0.1703125 0.31015625
0 0.2046875 0.26484375 0.0875 0.10703125
0 0.41953125 0.29609375 0.0859375 0.15078125
0 0.77265625 0.41171875 0.09453125 0.15390625
0 0.81640625 0.04296875 0.07109375 0.0859375
0 0.3421875 0.4078125 0.14296875 0.240625
0 0.8765625 0.49140625 0.165625 0.30390625
0 0.6953125 0.46953125 0.14453125 0.13671875
0 0.978125 0.515625 0.04375 0.30390625
0 0.16484375 0.47265625 0.125 0.2140625
0 0.3578125 0.625 0.18671875 0.35078125
0 0.684375 0.66796875 0.22578125 0.371875
0 0.9109375 0.71640625 0.14609375 0.1734375
0 0.97421875 0.09453125 0.0515625 0.15234375
0 0.06953125 0.02890625 0.0515625 0.0578125
0 0.98125 0.828125 0.0375 0.15234375
0 0.553125 0.796875 0.10234375 0.14609375
0 0.2203125 0.77109375 0.18046875 0.30859375
0 0.95546875 0.89453125 0.06640625 0.13671875
0 0.83203125 0.84140625 0.2515625 0.31640625
0 0.01875 0.815625 0.0375 0.115625
0 0.328125 0.0546875 0.1296875 0.10859375
0 0.5984375 0.08125 0.14140625 0.1625
0 0.45390625 0.07578125 0.13828125 0.15078125
0 0.23359375 0.9375 0.1625 0.0890625
0 0.63984375 0.97890625 0.14921875 0.0421875
0 0.90234375 0.11015625 0.1203125 0.2015625
0 0.19140625 0.06953125 0.1171875 0.1390625
0 0.76796875 0.12734375 0.10078125 0.13125
0 0.66015625 0.134375 0.0828125 0.1265625