0 0.753125 0.23046875 0.084375 0.11015625
0 0.19375 0.178125 0.09140625 0.12265625
0 0.32890625 0.1953125 0.0640625 0.11640625
0 0.95625 0.284375 0.0875 0.09921875
0 0.271875 0.21796875 0.134375 0.20625
0 0.99609375 0.3078125 0.0078125 0.11015625
0 0.47421875 0.2671875 0.0859375 0.1390625
0 0.81796875 0.32578125 0.0671875 0.11484375
0 0.66953125 0.30859375 0.0828125 0.11484375
0 0.0703125 0.2390625 0.140625 0.228125
0 0.56328125 0.3203125 0.16796875 0.30546875
0 0.18828125 0.2859375 0.0859375 0.10546875
0 0.4 0.3171875 0.084375 0.1484375
0 0.20625 0.0109375 0.075 0.021875
0 0.74765625 0.43046875 0.09296875 0.1515625
0 0.790625 0.065625 0.0703125 0.08984375
0 0.32421875 0.4265625 0.140625 0.23671875
0 0.85 0.50859375 0.16328125 0.2984375
0 0.671875 0.4875 0.1421875 0.134375
0 0.9640625 0.5328125 0.071875 0.2984375
0 0.14921875 0.490625 0.12265625 0.2109375
0 0.33984375 0.640625 0.18359375 0.3453125
0 0.66015625 0.6828125 0.221875 0.365625
0 0.88359375 0.73046875 0.14375 0.17109375
0 0.96015625 0.11796875 0.0796875 0.15
0 0.05625 0.04140625 0.05078125 0.0828125
0 0.95546875 0.840625 0.04140625 0.15
0 0.53125 0.81015625 0.10078125 0.14375
0 0.20390625 0.784375 0.17734375 0.303125
0 0.92734375 0.90546875 0.065625 0.134375
0 0.80625 0.84921875 0.24765625 0.3015625
0 0.0125 0.82734375 0.025 0.1140625
0 0.31015625 0.06640625 0.128125 0.1328125
0 0.57578125 0.09296875 0.1390625 0.18515625
0 0.43359375 0.08671875 0.1359375 0.1734375
0 0.2171875 0.9484375 0.159375 0.0875
0 0.6171875 0.98359375 0.146875 0.0328125
0 0.87578125 0.134375 0.11796875 0.1984375
0 0.9921875 0.1515625 0.015625 0.2046875
0 0.1765625 0.08125 0.115625 0.1625
0 0.74296875 0.15078125 0.09921875 0.1296875
0 0.63671875 0.1578125 0.08125 0.12421875