0 0.6765625 0.19609375 0.0828125 0.18203125
0 0.55703125 0.2109375 0.0734375 0.17890625
0 0.42421875 0.2671875 0.0828125 0.1875
0 0.40703125 0.01171875 0.03359375 0.0234375
0 0.33671875 0.35390625 0.0734375 0.0953125
0 0.82109375 0.0203125 0.03515625 0.03984375
0 0.58359375 0.3734375 0.0875 0.2
0 0.775 0.01796875 0.034375 0.0359375
0 0.88828125 0.02421875 0.05 0.0484375
0 0.34140625 0.46953125 0.0890625 0.23203125
0 0.46484375 0.025 0.03671875 0.05
0 0.159375 0.5828125 0.12890625 0.278125
0 0.5734375 0.0375 0.05 0.075
0 0.7140625 0.02890625 0.028125 0.0578125
0 0.94140625 0.03046875 0.0390625 0.0609375
0 0.25859375 0.05703125 0.05703125 0.11328125
0 0.6875 0.071875 0.03828125 0.0796875
0 0.7765625 0.08671875 0.046875 0.1078125
0 0.22578125 0.0921875 0.05859375 0.1515625
0 0.84609375 0.10390625 0.0546875 0.13515625
0 0.73046875 0.1109375 0.0375 0.0546875