0 0.34453125 0.21796875 0.078125 0.17109375
0 0.4578125 0.23203125 0.06953125 0.16875
0 0.58203125 0.28515625 0.078125 0.1765625
0 0.59921875 0.028125 0.03125 0.053125
0 0.66484375 0.3671875 0.06953125 0.08984375
0 0.20859375 0.03515625 0.0328125 0.0703125
0 0.43203125 0.38515625 0.0828125 0.1890625
0 0.25078125 0.03671875 0.03359375 0.0609375
0 0.14453125 0.040625 0.04765625 0.078125
0 0.6609375 0.47578125 0.084375 0.21875
0 0.54375 0.0484375 0.03515625 0.065625
0 0.83203125 0.5828125 0.121875 0.2625
0 0.4421875 0.05703125 0.046875 0.0953125
0 0.30859375 0.05703125 0.02734375 0.0640625
0 0.09375 0.05703125 0.0359375 0.06796875
0 0.7390625 0.07421875 0.053125 0.1328125
0 0.334375 0.10078125 0.0359375 0.07578125
0 0.25 0.11484375 0.04375 0.1015625
0 0.76953125 0.1203125 0.0546875 0.14296875
0 0.184375 0.13125 0.0515625 0.12734375
0 0.29375 0.1375 0.03515625 0.0515625