0 0.303125 0.16875 0.08671875 0.190625
0 0.428125 0.18515625 0.0765625 0.18828125
0 0.5671875 0.24375 0.08671875 0.196875
0 0.659375 0.33515625 0.0765625 0.1
0 0.4 0.3546875 0.09140625 0.21015625
0 0.65390625 0.45546875 0.09375 0.24296875
0 0.52421875 0.0078125 0.03828125 0.015625
0 0.84453125 0.57421875 0.13515625 0.2921875
0 0.4109375 0.02109375 0.05234375 0.0421875
0 0.26328125 0.0125 0.0296875 0.02421875
0 0.0234375 0.0140625 0.03984375 0.028125
0 0.74140625 0.04140625 0.059375 0.08203125
0 0.2921875 0.03984375 0.040625 0.0796875
0 0.1984375 0.0546875 0.05 0.109375
0 0.775 0.0703125 0.0609375 0.13984375
0 0.125 0.07265625 0.0578125 0.14140625
0 0.24609375 0.0796875 0.0390625 0.0578125