0 0.72109375 0.24296875 0.08125 0.14375
0 0.775 0.259375 0.0734375 0.1390625
0 0.56328125 0.22421875 0.04609375 0.084375
0 0.0609375 0.1515625 0.03828125 0.09921875
0 0.63828125 0.2796875 0.04296875 0.0859375
0 0.88203125 0.328125 0.0828125 0.1390625
0 0.9828125 0.35546875 0.034375 0.0921875
0 0.95 0.35390625 0.05234375 0.09140625
0 0.8203125 0.3578125 0.03984375 0.0734375
0 0.403125 0.3015625 0.05625 0.09296875
0 0.28984375 0.2828125 0.05625 0.09921875
0 0.20078125 0.06015625 0.12265625 0.11953125
0 0.4921875 0.10078125 0.11796875 0.2015625
0 0.59921875 0.15078125 0.10234375 0.17109375