0 0.625 0.2046875 0.06953125 0.14375
0 0.6828125 0.20546875 0.06171875 0.1390625
0 0.4625 0.23125 0.03984375 0.08515625
0 0.55390625 0.26328125 0.03828125 0.08671875
0 0.80859375 0.24375 0.07265625 0.1390625
0 0.9234375 0.24140625 0.04609375 0.09296875
0 0.88203125 0.25 0.04609375 0.09140625
0 0.7546875 0.28984375 0.03515625 0.07265625
0 0.3265625 0.353125 0.04921875 0.09140625
0 0.20859375 0.36484375 0.04765625 0.1
0 0.05 0.1328125 0.1 0.19609375
0 0.35703125 0.1296875 0.103125 0.20234375
0 0.478125 0.146875 0.08828125 0.17109375