0 0.26328125 0.25703125 0.08828125 0.15625
0 0.2046875 0.275 0.0796875 0.15078125
0 0.43515625 0.23671875 0.05 0.0921875
0 0.9796875 0.1578125 0.03984375 0.1078125
0 0.353125 0.296875 0.046875 0.09375
0 0.08828125 0.35 0.090625 0.15078125
0 0.021875 0.37734375 0.04375 0.09921875
0 0.15546875 0.38203125 0.04375 0.0796875
0 0.60859375 0.32109375 0.0609375 0.10078125
0 0.73203125 0.3 0.0609375 0.1078125
0 0.82890625 0.06171875 0.13359375 0.1234375
0 0.5125 0.10625 0.128125 0.21171875
0 0.39609375 0.15703125 0.1109375 0.1859375