0 0.63125 0.2203125 0.07578125 0.1578125
0 0.69453125 0.22109375 0.0671875 0.15234375
0 0.45390625 0.24921875 0.04296875 0.09375
0 0.55390625 0.284375 0.04140625 0.0953125
0 0.83203125 0.26328125 0.0796875 0.15234375
0 0.9578125 0.26015625 0.05 0.10234375
0 0.9125 0.26953125 0.05 0.1
0 0.7734375 0.31328125 0.03828125 0.0796875
0 0.30546875 0.38203125 0.05390625 0.1
0 0.1765625 0.3953125 0.0515625 0.109375
0 0.02890625 0.1421875 0.05703125 0.21484375
0 0.33828125 0.13828125 0.1125 0.22109375
0 0.4703125 0.1578125 0.096875 0.18671875