0 0.63125 0.20390625 0.0703125 0.1453125
0 0.6890625 0.2046875 0.0625 0.140625
0 0.4671875 0.2296875 0.03984375 0.0859375
0 0.559375 0.2625 0.03828125 0.0875
0 0.81640625 0.24296875 0.0734375 0.140625
0 0.93203125 0.240625 0.04609375 0.09453125
0 0.890625 0.24921875 0.04609375 0.09296875
0 0.76171875 0.2890625 0.03515625 0.0734375
0 0.3296875 0.353125 0.04921875 0.09296875
0 0.2109375 0.36484375 0.04765625 0.10078125
0 0.05078125 0.13046875 0.1015625 0.1984375
0 0.36015625 0.128125 0.10390625 0.2046875
0 0.4828125 0.1453125 0.08984375 0.17265625