0 0.52890625 0.22734375 0.06171875 0.0953125
0 0.3296875 0.28203125 0.03359375 0.05
0 0.39453125 0.2671875 0.03515625 0.0453125
0 0.2078125 0.3234375 0.01484375 0.0265625
0 0.6078125 0.240625 0.01484375 0.025
0 0.6390625 0.234375 0.05859375 0.08203125
0 0.2765625 0.315625 0.0703125 0.1046875
0 0.1265625 0.3484375 0.01015625 0.01640625
0 0.08359375 0.3609375 0.0234375 0.03828125
0 0.11015625 0.35546875 0.01015625 0.01171875
0 0.58203125 0.25859375 0.01328125 0.0203125
0 0.196875 0.34609375 0.03359375 0.0515625
0 0.44765625 0.29765625 0.021875 0.04140625
0 0.696875 0.25859375 0.05 0.08984375
0 0.42578125 0.478125 0.06171875 0.0796875
0 0.80703125 0.06640625 0.1265625 0.1328125