0 0.515625 0.22421875 0.06171875 0.0953125
0 0.315625 0.27890625 0.03359375 0.05
0 0.3796875 0.2640625 0.03515625 0.0453125
0 0.1921875 0.3203125 0.01484375 0.0265625
0 0.59453125 0.2375 0.01484375 0.025
0 0.6265625 0.23046875 0.05859375 0.08203125
0 0.26171875 0.31328125 0.0703125 0.10546875
0 0.1109375 0.3453125 0.01015625 0.01640625
0 0.0671875 0.35859375 0.0234375 0.03828125
0 0.09375 0.353125 0.01015625 0.01171875
0 0.56875 0.2546875 0.01328125 0.0203125
0 0.18125 0.34296875 0.03359375 0.05234375
0 0.43359375 0.29453125 0.021875 0.0421875
0 0.684375 0.2546875 0.05 0.090625
0 0.41171875 0.4765625 0.06171875 0.08046875
0 0.7953125 0.06484375 0.12734375 0.12890625