0 0.453125 0.2015625 0.06015625 0.09296875
0 0.6484375 0.2546875 0.0328125 0.04921875
0 0.5859375 0.240625 0.034375 0.04375
0 0.76875 0.29609375 0.01484375 0.02578125
0 0.3765625 0.21484375 0.01484375 0.02421875
0 0.3453125 0.20859375 0.05703125 0.0796875
0 0.70078125 0.28828125 0.06875 0.103125
0 0.84765625 0.3203125 0.01015625 0.01640625
0 0.890625 0.3328125 0.02265625 0.0375
0 0.8640625 0.32734375 0.01015625 0.01171875
0 0.40234375 0.23203125 0.01328125 0.01953125
0 0.7796875 0.31796875 0.0328125 0.05078125
0 0.53359375 0.2703125 0.02109375 0.040625
0 0.2890625 0.23203125 0.04921875 0.08828125
0 0.5546875 0.44765625 0.06015625 0.078125
0 0.18125 0.0546875 0.12421875 0.109375