0 0.8796875 0.33046875 0.04140625 0.084375
0 0.8078125 0.3453125 0.0375 0.06875
0 0.6578125 0.3546875 0.03125 0.07421875
0 0.8265625 0.38984375 0.02734375 0.0515625
0 0.421875 0.3703125 0.053125 0.1015625
0 0.94140625 0.42578125 0.1171875 0.240625
0 0.71171875 0.42109375 0.1 0.2203125
0 0.790625 0.4671875 0.0859375 0.16171875
0 0.4875 0.4484375 0.0875 0.1578125
0 0.36484375 0.45859375 0.0875 0.16875
0 0.14296875 0.5640625 0.25078125 0.52421875
0 0.6109375 0.61953125 0.1390625 0.26953125
0 0.03984375 0.6796875 0.07890625 0.33125