0 0.1390625 0.25546875 0.01875 0.0265625
0 0.18671875 0.27109375 0.028125 0.03984375
0 0.078125 0.2484375 0.0203125 0.028125
0 0.32578125 0.3125 0.04765625 0.08046875
0 0.05234375 0.2640625 0.04765625 0.09140625
0 0.38515625 0.3484375 0.04296875 0.06640625
0 0.0703125 0.28046875 0.0234375 0.03671875
0 0.13984375 0.30625 0.0265625 0.04609375
0 0.159375 0.31484375 0.04296875 0.07265625
0 0.515625 0.3984375 0.03828125 0.06953125
0 0.35625 0.3828125 0.03203125 0.05078125
0 0.7203125 0.48046875 0.06015625 0.096875
0 0.23671875 0.378125 0.153125 0.234375
0 0.4484375 0.4421875 0.11875 0.21015625
0 0.0625 0.36484375 0.096875 0.140625
0 0.365625 0.4609375 0.0984375 0.15703125
0 0.63984375 0.53203125 0.1 0.1546875
0 0.7453125 0.5765625 0.1015625 0.16328125
0 0.07578125 0.47890625 0.1203125 0.16328125
0 0.88125 0.728125 0.2375 0.496875
0 0.48125 0.646875 0.16171875 0.2625