0 0.86640625 0.32265625 0.03984375 0.08203125
0 0.796875 0.33671875 0.03671875 0.06640625
0 0.6515625 0.34609375 0.0296875 0.071875
0 0.81484375 0.3796875 0.0265625 0.05
0 0.42265625 0.3609375 0.0515625 0.0984375
0 0.93515625 0.41484375 0.1296875 0.23359375
0 0.703125 0.41015625 0.096875 0.21328125
0 0.7796875 0.4546875 0.08359375 0.15703125
0 0.4859375 0.43671875 0.08515625 0.153125
0 0.3671875 0.446875 0.08515625 0.16328125
0 0.1515625 0.54921875 0.24296875 0.50859375
0 0.60546875 0.60234375 0.13515625 0.26171875
0 0.0453125 0.6609375 0.08984375 0.321875