0 0.9125 0.2609375 0.0140625 0.021875
0 0.86796875 0.27109375 0.0234375 0.03671875
0 0.96953125 0.26015625 0.0171875 0.0234375
0 0.734375 0.29609375 0.03828125 0.07265625
0 0.67578125 0.32109375 0.03515625 0.06015625
0 0.9734375 0.290625 0.01875 0.03359375
0 0.90703125 0.3078125 0.021875 0.04296875
0 0.88984375 0.31484375 0.03359375 0.06640625
0 0.55 0.3578125 0.0296875 0.06328125
0 0.69921875 0.35703125 0.025 0.04609375
0 0.3546875 0.41328125 0.04765625 0.08828125
0 0.81171875 0.36484375 0.1234375 0.21015625
0 0.6078125 0.40234375 0.09140625 0.19140625
0 0.9671875 0.36953125 0.06484375 0.125
0 0.68203125 0.428125 0.07890625 0.140625
0 0.4234375 0.465625 0.08046875 0.1375
0 0.321875 0.49765625 0.08046875 0.146875
0 0.9484375 0.4734375 0.1 0.1453125
0 0.15234375 0.628125 0.2328125 0.45859375
0 0.559375 0.58984375 0.128125 0.2375
0 0.071875 0.746875 0.10625 0.28828125