0 0.01953125 0.278125 0.02578125 0.040625
0 0.17421875 0.27578125 0.040625 0.08359375
0 0.24609375 0.28984375 0.0375 0.06796875
0 0.0109375 0.3328125 0.021875 0.075
0 0.39453125 0.29921875 0.03046875 0.0734375
0 0.22734375 0.334375 0.02734375 0.0515625
0 0.62890625 0.31484375 0.053125 0.10078125
0 0.103125 0.3703125 0.13515625 0.2390625
0 0.34140625 0.36484375 0.09921875 0.21875
0 0.2625 0.4109375 0.08515625 0.16015625
0 0.5640625 0.3921875 0.08671875 0.15703125
0 0.68515625 0.40234375 0.08671875 0.1671875
0 0.015625 0.52109375 0.03046875 0.15859375
0 0.890625 0.5078125 0.21875 0.5203125
0 0.44140625 0.5625 0.13828125 0.26796875
0 0.984375 0.621875 0.03046875 0.3296875