0 0.92890625 0.2015625 0.02109375 0.0296875
0 0.87734375 0.21875 0.03125 0.04296875
0 0.9921875 0.19375 0.015625 0.03125
0 0.725 0.2640625 0.0515625 0.08828125
0 0.66015625 0.303125 0.046875 0.07265625
0 0.9953125 0.22890625 0.00859375 0.03984375
0 0.928125 0.25703125 0.0296875 0.05
0 0.9078125 0.26640625 0.046875 0.0796875
0 0.5171875 0.3578125 0.04140625 0.07578125
0 0.6921875 0.340625 0.034375 0.05546875
0 0.29375 0.446875 0.065625 0.10546875
0 0.82265625 0.3359375 0.16796875 0.25625
0 0.590625 0.40546875 0.1296875 0.23046875
0 0.98046875 0.3203125 0.0390625 0.153125
0 0.68203125 0.4265625 0.10703125 0.17109375
0 0.38125 0.503125 0.109375 0.16953125
0 0.26640625 0.553125 0.1109375 0.178125
0 0.96640625 0.4453125 0.0671875 0.178125
0 0.12421875 0.7171875 0.2484375 0.54375
0 0.55546875 0.6296875 0.1765625 0.2875