0 0.12734375 0.19765625 0.0484375 0.09609375
0 0.7046875 0.33125 0.08515625 0.22265625
0 0.446875 0.35625 0.14765625 0.36875
0 0.340625 0.3640625 0.103125 0.32578125
0 0.215625 0.37265625 0.09921875 0.23359375
0 0.0453125 0.3890625 0.08984375 0.25390625
0 0.584375 0.46796875 0.1171875 0.28671875
0 0.21171875 0.034375 0.03046875 0.06171875
0 0.740625 0.56015625 0.13359375 0.34140625
0 0.91171875 0.67578125 0.1765625 0.50625
0 0.240625 0.8671875 0.159375 0.265625
0 0.2671875 0.07421875 0.021875 0.0546875
0 0.55546875 0.08046875 0.03359375 0.06171875
0 0.3265625 0.103125 0.06640625 0.14453125
0 0.396875 0.11015625 0.03203125 0.0765625
0 0.0703125 0.13828125 0.078125 0.18125