0 0.12109375 0.2109375 0.04765625 0.09609375
0 0.6953125 0.34375 0.084375 0.22109375
0 0.4390625 0.36875 0.146875 0.36640625
0 0.33359375 0.37578125 0.10234375 0.3234375
0 0.209375 0.384375 0.0984375 0.2328125
0 0.0421875 0.40078125 0.084375 0.25234375
0 0.57578125 0.4796875 0.11640625 0.28515625
0 0.20546875 0.0484375 0.03046875 0.06171875
0 0.73046875 0.5703125 0.1328125 0.33984375
0 0.90390625 0.6859375 0.1828125 0.503125
0 0.234375 0.871875 0.1578125 0.25546875
0 0.2609375 0.0875 0.021875 0.0546875
0 0.546875 0.09453125 0.03359375 0.06171875
0 0.31953125 0.11640625 0.06640625 0.14375
0 0.38984375 0.12421875 0.03203125 0.07578125
0 0.06484375 0.15234375 0.07734375 0.1796875