0 0.053125 0.26328125 0.01484375 0.0234375
0 0.10078125 0.27421875 0.025 0.0390625
0 0.24296875 0.30078125 0.040625 0.07734375
0 0.30546875 0.32734375 0.0375 0.0640625
0 0.059375 0.31328125 0.0234375 0.0453125
0 0.0765625 0.32109375 0.03515625 0.07109375
0 0.43984375 0.36640625 0.03203125 0.0671875
0 0.28046875 0.365625 0.02734375 0.04921875
0 0.6484375 0.42578125 0.05078125 0.09453125
0 0.16015625 0.37421875 0.13203125 0.225
0 0.378125 0.41484375 0.09765625 0.2046875
0 0.0140625 0.378125 0.028125 0.134375
0 0.29921875 0.44140625 0.084375 0.15
0 0.575 0.48203125 0.0859375 0.146875
0 0.68359375 0.51640625 0.0859375 0.15703125
0 0.03359375 0.48984375 0.0671875 0.15546875
0 0.8640625 0.65546875 0.2484375 0.48984375
0 0.4296875 0.61484375 0.13671875 0.253125
0 0.946875 0.78203125 0.10625 0.3078125