0 0.05390625 0.2046875 0.015625 0.02421875
0 0.1015625 0.215625 0.02578125 0.0390625
0 0.24609375 0.2421875 0.040625 0.078125
0 0.30859375 0.26953125 0.0375 0.06484375
0 0.059375 0.25546875 0.02421875 0.04609375
0 0.07734375 0.2625 0.0359375 0.071875
0 0.44453125 0.30859375 0.0328125 0.06796875
0 0.28359375 0.3078125 0.02734375 0.04921875
0 0.65546875 0.36875 0.0515625 0.0953125
0 0.1625 0.31640625 0.1328125 0.22734375
0 0.38203125 0.3578125 0.09921875 0.20625
0 0.01484375 0.321875 0.02890625 0.13515625
0 0.30234375 0.38515625 0.08515625 0.1515625
0 0.58125 0.42578125 0.08671875 0.1484375
0 0.690625 0.46015625 0.08671875 0.15859375
0 0.034375 0.43359375 0.06796875 0.15703125
0 0.87265625 0.60078125 0.25078125 0.49453125
0 0.434375 0.559375 0.13828125 0.25625
0 0.95078125 0.72890625 0.0984375 0.3109375