0 0.91328125 0.20078125 0.05 0.1
0 0.31640625 0.3390625 0.08828125 0.2296875
0 0.5828125 0.36484375 0.153125 0.38125
0 0.69296875 0.37265625 0.10625 0.33671875
0 0.821875 0.38203125 0.10234375 0.24140625
0 0.97578125 0.3984375 0.0484375 0.2625
0 0.44140625 0.48046875 0.12109375 0.296875
0 0.8265625 0.03203125 0.03125 0.0640625
0 0.2796875 0.575 0.1375 0.353125
0 0.1 0.6953125 0.18984375 0.5234375
0 0.79609375 0.87734375 0.1640625 0.2453125
0 0.76875 0.0734375 0.02265625 0.05625
0 0.47109375 0.08046875 0.03515625 0.0640625
0 0.70703125 0.103125 0.06875 0.14921875
0 0.634375 0.1109375 0.03359375 0.07890625
0 0.965625 0.13984375 0.06796875 0.1859375