0 0.4328125 0.184375 0.04296875 0.08125
0 0.9359375 0.1875 0.04296875 0.08359375
0 0.69453125 0.21953125 0.03203125 0.071875
0 0.3609375 0.23671875 0.046875 0.08671875
0 0.921875 0.27734375 0.04296875 0.0890625
0 0.57265625 0.0234375 0.0359375 0.046875
0 0.17890625 0.0234375 0.0328125 0.046875
0 0.7578125 0.28828125 0.0484375 0.08515625
0 0.20859375 0.02890625 0.0359375 0.0578125
0 0.65234375 0.3328125 0.046875 0.09296875
0 0.0328125 0.34609375 0.04296875 0.05546875
0 0.96640625 0.35 0.0546875 0.08515625
0 0.22265625 0.35546875 0.0484375 0.10078125
0 0.40234375 0.3875 0.04921875 0.090625
0 0.89375 0.39609375 0.05703125 0.07734375
0 0.85 0.0375 0.04765625 0.07421875
0 0.90234375 0.46640625 0.053125 0.0953125
0 0.45078125 0.46796875 0.05703125 0.1046875
0 0.09453125 0.48515625 0.0484375 0.08671875
0 0.67265625 0.4859375 0.05703125 0.1046875
0 0.19375 0.53046875 0.046875 0.09296875
0 0.06796875 0.05 0.03828125 0.06484375
0 0.55546875 0.546875 0.053125 0.103125
0 0.9296875 0.0515625 0.04609375 0.08359375
0 0.82421875 0.5796875 0.06328125 0.1125
0 0.0703125 0.6578125 0.05234375 0.10625
0 0.03984375 0.7140625 0.059375 0.1125
0 0.690625 0.065625 0.034375 0.06484375
0 0.87421875 0.778125 0.05859375 0.11953125
0 0.28203125 0.77890625 0.05703125 0.10625
0 0.61953125 0.803125 0.06171875 0.125
0 0.4984375 0.0796875 0.03828125 0.0703125
0 0.74375 0.85234375 0.06328125 0.115625
0 0.8484375 0.90390625 0.059375 0.121875
0 0.15390625 0.0921875 0.040625 0.07734375
0 0.403125 0.09453125 0.03828125 0.07734375
0 0.4703125 0.13828125 0.034375 0.08671875
0 0.85390625 0.14765625 0.0484375 0.08671875
0 0.71953125 0.1546875 0.04921875 0.07578125
0 0.33828125 0.171875 0.0421875 0.08125