0 0.43359375 0.1859375 0.04375 0.0828125
0 0.94453125 0.1890625 0.04375 0.08515625
0 0.69921875 0.22109375 0.03203125 0.0734375
0 0.36015625 0.2390625 0.04765625 0.08828125
0 0.9296875 0.28046875 0.04375 0.090625
0 0.575 0.0234375 0.03671875 0.046875
0 0.17421875 0.0234375 0.03359375 0.046875
0 0.76328125 0.290625 0.04921875 0.08671875
0 0.2046875 0.02890625 0.03671875 0.0578125
0 0.65625 0.33671875 0.04765625 0.09453125
0 0.0265625 0.35 0.04375 0.05625
0 0.97421875 0.35390625 0.0515625 0.08671875
0 0.21953125 0.359375 0.04921875 0.10234375
0 0.40234375 0.3921875 0.05 0.0921875
0 0.9015625 0.40078125 0.0578125 0.07890625
0 0.85703125 0.03671875 0.0484375 0.0734375
0 0.91015625 0.47265625 0.05390625 0.09609375
0 0.4515625 0.47421875 0.0578125 0.10625
0 0.08984375 0.49140625 0.04921875 0.08828125
0 0.6765625 0.4921875 0.0578125 0.10625
0 0.18984375 0.5375 0.04765625 0.09453125
0 0.0625 0.04921875 0.03828125 0.065625
0 0.55859375 0.55390625 0.05390625 0.1046875
0 0.93828125 0.05078125 0.046875 0.08515625
0 0.83125 0.5875 0.0640625 0.1140625
0 0.06484375 0.66640625 0.053125 0.1078125
0 0.034375 0.72421875 0.06015625 0.1140625
0 0.6953125 0.06484375 0.034375 0.065625
0 0.88203125 0.7890625 0.059375 0.12109375
0 0.2796875 0.78984375 0.0578125 0.1078125
0 0.62265625 0.8140625 0.0625 0.12734375
0 0.5 0.07890625 0.03828125 0.071875
0 0.74921875 0.8640625 0.0640625 0.1171875
0 0.85546875 0.9171875 0.06015625 0.1234375
0 0.15 0.0921875 0.040625 0.07890625
0 0.40390625 0.09375 0.03828125 0.07890625
0 0.47109375 0.1390625 0.034375 0.08828125
0 0.86171875 0.1484375 0.04921875 0.08828125
0 0.72421875 0.15625 0.05 0.07734375
0 0.3375 0.1734375 0.04296875 0.0828125