0 0.52109375 0.13203125 0.04609375 0.08828125
0 0.2375 0.16953125 0.034375 0.078125
0 0.59921875 0.18828125 0.05078125 0.09453125
0 0.00703125 0.23203125 0.0140625 0.09609375
0 0.16875 0.24375 0.05234375 0.09296875
0 0.2828125 0.29296875 0.05078125 0.1015625
0 0.95625 0.30703125 0.04609375 0.06015625
0 0.74921875 0.3171875 0.05234375 0.109375
0 0.55390625 0.3515625 0.053125 0.0984375
0 0.02578125 0.36171875 0.0515625 0.084375
0 0.01953125 0.4375 0.0390625 0.103125
0 0.5015625 0.43984375 0.06171875 0.11328125
0 0.8890625 0.4578125 0.05234375 0.09453125
0 0.2609375 0.45859375 0.06171875 0.11328125
0 0.78125 0.5078125 0.05078125 0.1015625
0 0.9171875 0.01015625 0.04140625 0.0203125
0 0.3875 0.525 0.0578125 0.11171875
0 0.09609375 0.5609375 0.06875 0.121875
0 0.91484375 0.6453125 0.05703125 0.11484375
0 0.94765625 0.70703125 0.0640625 0.121875
0 0.24140625 0.01875 0.0359375 0.0375
0 0.0421875 0.7765625 0.06328125 0.1296875
0 0.6859375 0.77734375 0.06171875 0.11484375
0 0.31875 0.803125 0.0671875 0.1359375
0 0.45 0.02734375 0.04140625 0.0546875
0 0.18359375 0.85625 0.06875 0.12578125
0 0.0703125 0.91328125 0.0640625 0.13203125
0 0.8234375 0.03671875 0.04375 0.0734375
0 0.55234375 0.0375 0.0421875 0.075
0 0.48046875 0.08125 0.03671875 0.09453125
0 0.0640625 0.0921875 0.05234375 0.09453125
0 0.21015625 0.1 0.053125 0.0828125
0 0.62421875 0.11796875 0.0453125 0.08828125