0 0.53515625 0.36953125 0.33125 0.5359375
0 0.828125 0.46875 0.27109375 0.3609375
0 0.02890625 0.41328125 0.0578125 0.1546875
0 0.4015625 0.4671875 0.0671875 0.14765625
0 0.19140625 0.44609375 0.121875 0.22890625
0 0.93984375 0.54296875 0.0828125 0.14765625
0 0.26953125 0.46328125 0.175 0.26640625
0 0.98671875 0.55234375 0.0265625 0.0859375
0 0.69609375 0.5234375 0.04140625 0.0671875
0 0.134375 0.45625 0.0546875 0.11875
0 0.6390625 0.52265625 0.065625 0.134375
0 0.33671875 0.525 0.04140625 0.0671875
0 0.015625 0.56640625 0.03125 0.21171875