0 0.46484375 0.31171875 0.315625 0.51015625
0 0.1859375 0.40703125 0.2578125 0.34296875
0 0.959375 0.3546875 0.08125 0.146875
0 0.5921875 0.40546875 0.0640625 0.140625
0 0.79140625 0.38515625 0.115625 0.2171875
0 0.0796875 0.47734375 0.078125 0.140625
0 0.7171875 0.40078125 0.16640625 0.253125
0 0.028125 0.48671875 0.0390625 0.08203125
0 0.31171875 0.45859375 0.0390625 0.0640625
0 0.84609375 0.39453125 0.05234375 0.1125
0 0.365625 0.4578125 0.06171875 0.12734375
0 0.65390625 0.46015625 0.0390625 0.0640625
0 0.971875 0.49921875 0.05546875 0.20078125