0 0.5453125 0.275 0.33125 0.5359375
0 0.83828125 0.37421875 0.27109375 0.3609375
0 0.034375 0.31953125 0.06875 0.1546875
0 0.41171875 0.37265625 0.0671875 0.14765625
0 0.2015625 0.3515625 0.121875 0.22890625
0 0.95 0.4484375 0.0828125 0.14765625
0 0.2796875 0.36875 0.175 0.26640625
0 0.9921875 0.45859375 0.015625 0.0859375
0 0.70625 0.42890625 0.04140625 0.0671875
0 0.14453125 0.36171875 0.0546875 0.11875
0 0.64921875 0.428125 0.065625 0.134375
0 0.346875 0.43046875 0.04140625 0.0671875
0 0.0203125 0.47109375 0.040625 0.2109375