0 0.753125 0.2765625 0.06484375 0.1046875
0 0.03984375 0.4546875 0.059375 0.08828125
0 0.0640625 0.34453125 0.04453125 0.08125
0 0.2328125 0.4171875 0.04765625 0.078125
0 0.08046875 0.421875 0.059375 0.10703125
0 0.28984375 0.41171875 0.059375 0.12265625
0 0.15859375 0.30703125 0.13828125 0.23359375
0 0.50078125 0.14453125 0.11640625 0.2078125
0 0.759375 0.36875 0.07109375 0.1265625
0 0.8765625 0.32265625 0.1203125 0.2625
0 0.95859375 0.44296875 0.0828125 0.1328125
0 0.96796875 0.2828125 0.06328125 0.14609375