0 0.2640625 0.2921875 0.065625 0.10625
0 0.97890625 0.47265625 0.0421875 0.0890625
0 0.96484375 0.36171875 0.0453125 0.0828125
0 0.79296875 0.4359375 0.0484375 0.07890625
0 0.94765625 0.440625 0.06015625 0.10859375
0 0.734375 0.43046875 0.06015625 0.12421875
0 0.86875 0.3234375 0.140625 0.2375
0 0.52109375 0.15859375 0.11796875 0.2109375
0 0.2578125 0.3859375 0.07265625 0.12890625
0 0.13828125 0.33984375 0.121875 0.26640625
0 0.05078125 0.4625 0.09453125 0.1359375
0 0.0390625 0.2984375 0.07734375 0.1484375