0 0.7375 0.29140625 0.06640625 0.10703125
0 0.01953125 0.47265625 0.0390625 0.0890625
0 0.03203125 0.36015625 0.0453125 0.0828125
0 0.2046875 0.43515625 0.04921875 0.0796875
0 0.04921875 0.43984375 0.0609375 0.109375
0 0.2640625 0.4296875 0.0609375 0.12578125
0 0.12890625 0.321875 0.14140625 0.2390625
0 0.47890625 0.15625 0.11875 0.2125
0 0.74453125 0.38515625 0.0734375 0.1296875
0 0.8640625 0.33828125 0.12265625 0.26796875
0 0.95234375 0.4625 0.0953125 0.13671875
0 0.9625 0.29765625 0.075 0.14921875