0 0.86484375 0.21953125 0.0921875 0.1453125
0 0.8203125 0.23125 0.02890625 0.06640625
0 0.6453125 0.20703125 0.06796875 0.09375
0 0.4390625 0.18515625 0.0359375 0.059375
0 0.1765625 0.1515625 0.13515625 0.1875
0 0.69453125 0.23828125 0.0578125 0.08046875
0 0.55703125 0.21875 0.0765625 0.109375
0 0.9546875 0.30625 0.0328125 0.053125
0 0.0609375 0.184375 0.10390625 0.17734375
0 0.25546875 0.2234375 0.09375 0.1296875
0 0.60390625 0.28828125 0.08203125 0.109375
0 0.7484375 0.32265625 0.04296875 0.0546875
0 0.3828125 0.265625 0.0703125 0.10390625