0 0.24453125 0.1828125 0.06484375 0.11796875
0 0.28125 0.2 0.01875 0.05625
0 0.4328125 0.20625 0.0484375 0.07578125
0 0.61328125 0.21796875 0.025 0.0484375
0 0.8421875 0.23046875 0.09609375 0.15234375
0 0.3875 0.22578125 0.0421875 0.06484375
0 0.50703125 0.22890625 0.0546875 0.08984375
0 0.15546875 0.24375 0.021875 0.04375
0 0.93828125 0.275 0.07421875 0.14765625
0 0.76328125 0.2796875 0.06796875 0.10390625
0 0.45703125 0.28203125 0.0578125 0.08984375
0 0.32890625 0.2890625 0.03125 0.04375
0 0.6484375 0.29375 0.0484375 0.08515625