0 0.18125 0.24296875 0.09140625 0.14375
0 0.2265625 0.25546875 0.02890625 0.06640625
0 0.4 0.23125 0.06796875 0.09296875
0 0.60390625 0.209375 0.0359375 0.059375
0 0.865625 0.1765625 0.13359375 0.18671875
0 0.35078125 0.26171875 0.0578125 0.0796875
0 0.4875 0.2421875 0.0765625 0.10859375
0 0.0921875 0.3296875 0.03203125 0.05234375
0 0.9640625 0.20859375 0.07109375 0.1765625
0 0.7875 0.24765625 0.09296875 0.12890625
0 0.440625 0.31171875 0.08125 0.10859375
0 0.29765625 0.34609375 0.0421875 0.05390625
0 0.66015625 0.2890625 0.06953125 0.103125