0 0.24609375 0.1828125 0.06484375 0.11796875
0 0.2828125 0.2 0.01875 0.05625
0 0.434375 0.20625 0.0484375 0.07578125
0 0.61484375 0.21796875 0.025 0.0484375
0 0.84375 0.23046875 0.09609375 0.15234375
0 0.3890625 0.22578125 0.0421875 0.06484375
0 0.50859375 0.22890625 0.0546875 0.08984375
0 0.15703125 0.24375 0.021875 0.04375
0 0.93984375 0.275 0.07421875 0.14765625
0 0.76484375 0.2796875 0.06796875 0.10390625
0 0.45859375 0.28203125 0.0578125 0.08984375
0 0.33046875 0.2890625 0.03125 0.04375
0 0.65 0.29375 0.0484375 0.08515625