0 0.21015625 0.14296875 0.06953125 0.1265625
0 0.25 0.16015625 0.0203125 0.0609375
0 0.41328125 0.1671875 0.05234375 0.08125
0 0.60625 0.1796875 0.02734375 0.05234375
0 0.85234375 0.19375 0.103125 0.1640625
0 0.3640625 0.18828125 0.0453125 0.06953125
0 0.4921875 0.19140625 0.059375 0.09609375
0 0.11484375 0.2078125 0.0234375 0.04765625
0 0.95546875 0.24140625 0.0796875 0.15859375
0 0.76796875 0.246875 0.07265625 0.11171875
0 0.43828125 0.24921875 0.0625 0.09609375
0 0.30078125 0.25703125 0.03359375 0.04765625
0 0.64453125 0.26171875 0.05234375 0.09140625