0 0.11640625 0.1796875 0.08515625 0.13828125
0 0.159375 0.19296875 0.02578125 0.06484375
0 0.33203125 0.1796875 0.06328125 0.090625
0 0.53671875 0.16796875 0.0328125 0.05625
0 0.79453125 0.14921875 0.12421875 0.17890625
0 0.2828125 0.20703125 0.053125 0.0765625
0 0.41875 0.19453125 0.0703125 0.10546875
0 0.02421875 0.2609375 0.03046875 0.0515625
0 0.91015625 0.18671875 0.09765625 0.17265625
0 0.71328125 0.215625 0.08515625 0.12421875
0 0.36875 0.2609375 0.075 0.10546875
0 0.22421875 0.28671875 0.0390625 0.0515625
0 0.58671875 0.2484375 0.06484375 0.10078125