0 0.14921875 0.17265625 0.08671875 0.140625
0 0.19375 0.1859375 0.02578125 0.065625
0 0.36875 0.17265625 0.0640625 0.0921875
0 0.57734375 0.1609375 0.0328125 0.05703125
0 0.8390625 0.14140625 0.1265625 0.18203125
0 0.31875 0.20078125 0.05390625 0.078125
0 0.4578125 0.1875 0.07109375 0.1078125
0 0.05546875 0.25546875 0.03125 0.05234375
0 0.95390625 0.1796875 0.0921875 0.175
0 0.75703125 0.209375 0.08671875 0.1265625
0 0.40625 0.25546875 0.0765625 0.1078125
0 0.259375 0.28125 0.03984375 0.05234375
0 0.628125 0.2421875 0.065625 0.10234375