0 0.81171875 0.20390625 0.08984375 0.14140625
0 0.7671875 0.215625 0.028125 0.06484375
0 0.596875 0.1921875 0.06640625 0.09140625
0 0.39609375 0.17109375 0.03515625 0.05859375
0 0.1390625 0.13828125 0.13203125 0.18359375
0 0.6453125 0.22265625 0.05703125 0.078125
0 0.5109375 0.203125 0.075 0.10703125
0 0.89921875 0.2890625 0.03203125 0.0515625
0 0.03828125 0.1703125 0.0765625 0.1734375
0 0.215625 0.20859375 0.09140625 0.1265625
0 0.55703125 0.271875 0.0796875 0.10703125
0 0.69765625 0.3046875 0.04140625 0.053125
0 0.340625 0.24921875 0.06796875 0.1015625