0 0.15546875 0.2296875 0.08515625 0.13828125
0 0.1984375 0.2421875 0.02578125 0.06484375
0 0.37109375 0.2296875 0.06328125 0.090625
0 0.57578125 0.2171875 0.0328125 0.05625
0 0.83359375 0.1984375 0.12421875 0.17890625
0 0.321875 0.25703125 0.053125 0.0765625
0 0.4578125 0.24375 0.0703125 0.10546875
0 0.06328125 0.3109375 0.03046875 0.0515625
0 0.95 0.23671875 0.09765625 0.17265625
0 0.75234375 0.265625 0.08515625 0.12421875
0 0.4078125 0.3109375 0.075 0.10546875
0 0.26328125 0.3359375 0.0390625 0.0515625
0 0.6265625 0.29765625 0.06484375 0.10078125