0 0.73828125 0.1640625 0.0546875 0.09296875
0 0.871875 0.165625 0.08984375 0.18046875
0 0.45390625 0.25078125 0.09609375 0.209375
0 0.20546875 0.2734375 0.10859375 0.2234375
0 0.0765625 0.31953125 0.10859375 0.2015625
0 0.52265625 0.30703125 0.09921875 0.225
0 0.96171875 0.31484375 0.0765625 0.2234375
0 0.1484375 0.44921875 0.08984375 0.18046875
0 0.86796875 0.41640625 0.06953125 0.12890625
0 0.61640625 0.49765625 0.09140625 0.17734375
0 0.42265625 0.54453125 0.14453125 0.30625
0 0.31484375 0.571875 0.10390625 0.228125
0 0.1671875 0.6421875 0.09609375 0.203125
0 0.878125 0.60703125 0.17109375 0.33046875
0 0.61484375 0.6828125 0.10078125 0.225
0 0.67265625 0.1328125 0.08515625 0.16796875