0 0.17578125 0.2046875 0.0640625 0.10546875
0 0.03828125 0.22890625 0.07578125 0.20625
0 0.5078125 0.25 0.1125 0.23671875
0 0.78828125 0.2328125 0.1265625 0.2546875
0 0.9375 0.2609375 0.12421875 0.228125
0 0.44140625 0.32578125 0.1140625 0.2546875
0 0.88046875 0.41796875 0.10390625 0.20625
0 0.0734375 0.50859375 0.08125 0.1453125
0 0.36953125 0.5546875 0.10546875 0.20234375
0 0.5921875 0.571875 0.16796875 0.34765625
0 0.7171875 0.5828125 0.11953125 0.25625
0 0.89296875 0.6375 0.1109375 0.23046875
0 0.0984375 0.72109375 0.196875 0.3734375
0 0.403125 0.7625 0.11796875 0.2546875
0 0.240625 0.159375 0.1 0.190625