0 0.7421875 0.15390625 0.05625 0.09453125
0 0.878125 0.15546875 0.09140625 0.18359375
0 0.453125 0.2421875 0.09765625 0.2125
0 0.20078125 0.26484375 0.11015625 0.2265625
0 0.06953125 0.31171875 0.11015625 0.2046875
0 0.5234375 0.29921875 0.10078125 0.228125
0 0.965625 0.30703125 0.06875 0.2265625
0 0.14296875 0.44296875 0.09140625 0.18359375
0 0.8734375 0.41015625 0.0703125 0.13125
0 0.61796875 0.49296875 0.09296875 0.18046875
0 0.421875 0.540625 0.146875 0.31171875
0 0.31171875 0.56796875 0.10546875 0.23125
0 0.1625 0.63984375 0.09765625 0.20625
0 0.884375 0.60390625 0.17421875 0.33515625
0 0.61640625 0.68125 0.10234375 0.228125
0 0.67578125 0.121875 0.0859375 0.17109375