0 0.17421875 0.18515625 0.06015625 0.1
0 0.03984375 0.20859375 0.0796875 0.19453125
0 0.4875 0.228125 0.10625 0.22421875
0 0.75234375 0.21171875 0.11953125 0.23984375
0 0.89375 0.23828125 0.11796875 0.215625
0 0.425 0.3 0.1078125 0.23984375
0 0.83984375 0.38671875 0.09765625 0.19453125
0 0.07734375 0.471875 0.0765625 0.1375
0 0.35703125 0.515625 0.1 0.19140625
0 0.56796875 0.53203125 0.15859375 0.328125
0 0.68515625 0.5421875 0.1125 0.2421875
0 0.8515625 0.59375 0.1046875 0.2171875
0 0.1 0.6734375 0.18984375 0.353125
0 0.3890625 0.71171875 0.1109375 0.23984375
0 0.23515625 0.1421875 0.09453125 0.1796875