0 0.825 0.20703125 0.059375 0.09765625
0 0.95859375 0.22890625 0.0828125 0.18984375
0 0.51875 0.2484375 0.10390625 0.21875
0 0.259375 0.2328125 0.11640625 0.23515625
0 0.12109375 0.25859375 0.11484375 0.2109375
0 0.5796875 0.31875 0.10546875 0.23515625
0 0.17421875 0.403125 0.09609375 0.18984375
0 0.91953125 0.4875 0.075 0.134375
0 0.64609375 0.5296875 0.09765625 0.18671875
0 0.43984375 0.5453125 0.1546875 0.32109375
0 0.325 0.55625 0.11015625 0.23671875
0 0.16328125 0.60625 0.10234375 0.2125
0 0.89765625 0.68359375 0.18515625 0.3453125
0 0.61484375 0.72109375 0.10859375 0.23515625
0 0.76484375 0.16484375 0.09296875 0.17578125