0 0.24375 0.16171875 0.05625 0.09453125
0 0.10703125 0.16328125 0.09140625 0.18515625
0 0.534375 0.25 0.0984375 0.2140625
0 0.78828125 0.2734375 0.1109375 0.228125
0 0.9203125 0.3203125 0.1109375 0.20546875
0 0.4640625 0.3078125 0.1015625 0.2296875
0 0.0265625 0.31484375 0.053125 0.228125
0 0.84609375 0.45234375 0.09140625 0.18515625
0 0.1109375 0.41953125 0.07109375 0.13203125
0 0.36796875 0.50234375 0.09296875 0.18203125
0 0.565625 0.55078125 0.14765625 0.31328125
0 0.6765625 0.578125 0.10625 0.2328125
0 0.82734375 0.65 0.0984375 0.20703125
0 0.10078125 0.6140625 0.175 0.3375
0 0.36953125 0.6921875 0.103125 0.2296875
0 0.31015625 0.1296875 0.08671875 0.171875