0 0.54375 0.18046875 0.09765625 0.2109375
0 0.43671875 0.37578125 0.03125 0.09765625
0 0.90703125 0.41328125 0.06796875 0.1625
0 0.8109375 0.46328125 0.03125 0.0609375
0 0.3921875 0.47578125 0.02265625 0.053125
0 0.74921875 0.4890625 0.03671875 0.04375
0 0.35625 0.490625 0.04609375 0.0890625
0 0.41953125 0.51015625 0.03046875 0.053125
0 0.015625 0.5578125 0.03125 0.178125
0 0.1375 0.56328125 0.0328125 0.06015625
0 0.1796875 0.6015625 0.07265625 0.140625
0 0.37421875 0.72734375 0.1171875 0.20234375
0 0.29375 0.78046875 0.10859375 0.2046875
0 0.2046875 0.915625 0.103125 0.11171875