0 0.4671875 0.2140625 0.0984375 0.21171875
0 0.57421875 0.41015625 0.03125 0.0984375
0 0.103125 0.446875 0.06796875 0.16328125
0 0.19921875 0.49765625 0.03125 0.06171875
0 0.61953125 0.51015625 0.02265625 0.053125
0 0.2609375 0.5234375 0.03671875 0.04453125
0 0.65546875 0.525 0.04609375 0.0890625
0 0.5921875 0.54453125 0.03046875 0.053125
0 0.990625 0.59296875 0.01796875 0.17890625
0 0.87578125 0.59765625 0.0328125 0.0609375
0 0.8328125 0.6359375 0.07265625 0.140625
0 0.6375 0.7625 0.1171875 0.203125
0 0.71875 0.815625 0.109375 0.20546875
0 0.80703125 0.94765625 0.103125 0.1046875