0 0.55 0.2 0.09609375 0.20703125
0 0.44453125 0.3921875 0.03046875 0.09609375
0 0.90703125 0.42890625 0.06640625 0.16015625
0 0.8125 0.47890625 0.03046875 0.06015625
0 0.4 0.490625 0.02265625 0.05234375
0 0.75234375 0.50390625 0.0359375 0.04375
0 0.36484375 0.50546875 0.0453125 0.0875
0 0.42734375 0.52421875 0.0296875 0.05234375
0 0.02265625 0.571875 0.0453125 0.175
0 0.14921875 0.5765625 0.03203125 0.059375
0 0.190625 0.6140625 0.071875 0.13828125
0 0.3828125 0.73828125 0.11484375 0.19921875
0 0.303125 0.790625 0.10703125 0.2015625
0 0.21640625 0.9234375 0.1015625 0.11015625