0 0.1578125 0.09453125 0.0578125 0.10859375
0 0.3015625 0.10078125 0.09140625 0.19375
0 0.06796875 0.1625 0.09765625 0.1796875
0 0.521875 0.16328125 0.084375 0.22421875
0 0.015625 0.1671875 0.03046875 0.11015625
0 0.1234375 0.17421875 0.05390625 0.1484375
0 0.18671875 0.184375 0.09375 0.1890625
0 0.63359375 0.1875 0.071875 0.21875
0 0.46171875 0.19453125 0.046875 0.18203125
0 0.58671875 0.20234375 0.0703125 0.23125
0 0.35625 0.23671875 0.053125 0.10390625
0 0.27421875 0.2390625 0.10234375 0.23046875
0 0.253125 0.5484375 0.11796875 0.24921875
0 0.76640625 0.1 0.16953125 0.2