0 0.83359375 0.09140625 0.05859375 0.11015625
0 0.68671875 0.096875 0.0921875 0.19375
0 0.92421875 0.16015625 0.0984375 0.18203125
0 0.4640625 0.16015625 0.0859375 0.22734375
0 0.98125 0.1640625 0.0375 0.11171875
0 0.86796875 0.17109375 0.0546875 0.15
0 0.80390625 0.18203125 0.0953125 0.19140625
0 0.35078125 0.184375 0.07265625 0.221875
0 0.525 0.1921875 0.046875 0.184375
0 0.3984375 0.2 0.07109375 0.234375
0 0.63203125 0.23515625 0.05390625 0.10546875
0 0.71484375 0.2375 0.10390625 0.23359375
0 0.73671875 0.55078125 0.11953125 0.25234375
0 0.215625 0.0984375 0.171875 0.196875