0 0.209375 0.121875 0.05390625 0.1015625
0 0.34453125 0.12734375 0.0859375 0.18203125
0 0.12578125 0.1859375 0.09140625 0.16796875
0 0.55078125 0.1859375 0.0796875 0.21015625
0 0.06875 0.18984375 0.04296875 0.103125
0 0.178125 0.19609375 0.05078125 0.1390625
0 0.23671875 0.20625 0.08828125 0.17734375
0 0.65546875 0.20859375 0.0671875 0.2046875
0 0.49375 0.215625 0.04375 0.1703125
0 0.61171875 0.22265625 0.065625 0.21640625
0 0.04453125 0.23125 0.02890625 0.096875
0 0.3953125 0.25546875 0.05 0.09765625
0 0.31875 0.25703125 0.09609375 0.215625
0 0.2984375 0.546875 0.11015625 0.23359375
0 0.7796875 0.11015625 0.15859375 0.2203125