0 0.55703125 0.1453125 0.05859375 0.0796875
0 0.2515625 0.084375 0.084375 0.1265625
0 0.3875 0.15390625 0.0796875 0.1265625
0 0.56953125 0.20703125 0.08125 0.11171875
0 0.6578125 0.2296875 0.09453125 0.13828125
0 0.61015625 0.22890625 0.06171875 0.10390625
0 0.803125 0.28359375 0.0921875 0.125
0 0.884375 0.3046875 0.08125 0.10859375
0 0.21484375 0.15 0.0734375 0.10546875
0 0.5359375 0.24453125 0.090625 0.14453125
0 0.98984375 0.36953125 0.0203125 0.1328125
0 0.23046875 0.2359375 0.1234375 0.19609375
0 0.4515625 0.3015625 0.1234375 0.17890625
0 0.31796875 0.2984375 0.14921875 0.2171875
0 0.0796875 0.30390625 0.159375 0.27578125
0 0.1328125 0.32734375 0.09765625 0.1703125