0 0.5046875 0.13203125 0.04609375 0.07578125
0 0.83046875 0.13671875 0.0640625 0.121875
0 0.6765625 0.17890625 0.059375 0.1234375
0 0.4796875 0.19375 0.0640625 0.10703125
0 0.3859375 0.19765625 0.07265625 0.13203125
0 0.4328125 0.2078125 0.04453125 0.10234375
0 0.225 0.2203125 0.07421875 0.1203125
0 0.1359375 0.225 0.0640625 0.10390625
0 0.853125 0.2125 0.05625 0.10234375
0 0.50625 0.2390625 0.065625 0.1421875
0 0.00703125 0.259375 0.0140625 0.13125
0 0.8203125 0.29765625 0.0921875 0.19296875
0 0.58046875 0.3171875 0.09609375 0.171875
0 0.71640625 0.34140625 0.115625 0.2109375
0 0.95234375 0.4015625 0.0953125 0.265625
0 0.90078125 0.4109375 0.06953125 0.16796875
0 0.01953125 0.09609375 0.0234375 0.03984375