0 0.38828125 0.14140625 0.0609375 0.0828125
0 0.70703125 0.078125 0.08828125 0.13203125
0 0.565625 0.15078125 0.0828125 0.13203125
0 0.37421875 0.20625 0.084375 0.1171875
0 0.2828125 0.2296875 0.0984375 0.14375
0 0.33203125 0.22890625 0.0640625 0.10859375
0 0.13125 0.2859375 0.096875 0.13046875
0 0.04609375 0.3078125 0.084375 0.11328125
0 0.74453125 0.146875 0.0765625 0.11015625
0 0.41015625 0.24453125 0.09453125 0.15078125
0 0.72890625 0.23671875 0.12890625 0.20546875
0 0.4984375 0.30546875 0.12890625 0.18671875
0 0.6375 0.3015625 0.15625 0.22734375
0 0.89765625 0.30703125 0.18828125 0.28828125
0 0.83046875 0.33125 0.1015625 0.178125