0 0.503125 0.10859375 0.0484375 0.07890625
0 0.1640625 0.11328125 0.0671875 0.12734375
0 0.325 0.15703125 0.06171875 0.12890625
0 0.5296875 0.17265625 0.0671875 0.11171875
0 0.62734375 0.17734375 0.07578125 0.1375
0 0.578125 0.1875 0.04609375 0.10625
0 0.79453125 0.2 0.07734375 0.12578125
0 0.8875 0.20546875 0.0671875 0.10859375
0 0.140625 0.1921875 0.05859375 0.10625
0 0.5015625 0.2203125 0.06875 0.14765625
0 0.175 0.28125 0.09609375 0.20078125
0 0.42421875 0.30078125 0.1 0.17890625
0 0.28359375 0.3265625 0.1203125 0.2203125
0 0.04375 0.3890625 0.0875 0.2765625
0 0.09140625 0.3984375 0.071875 0.175