0 0.44453125 0.08984375 0.04765625 0.07734375
0 0.1109375 0.09453125 0.065625 0.125
0 0.26875 0.1375 0.0609375 0.1265625
0 0.4703125 0.153125 0.065625 0.11015625
0 0.565625 0.15703125 0.07421875 0.13515625
0 0.51796875 0.1671875 0.0453125 0.1046875
0 0.73046875 0.1796875 0.07578125 0.1234375
0 0.821875 0.18515625 0.065625 0.10625
0 0.0875 0.17265625 0.0578125 0.1046875
0 0.4421875 0.19921875 0.0671875 0.1453125
0 0.9734375 0.2203125 0.05234375 0.13359375
0 0.121875 0.259375 0.09453125 0.19765625
0 0.36640625 0.27890625 0.09765625 0.17578125
0 0.228125 0.30390625 0.11796875 0.21640625
0 0.01796875 0.365625 0.03515625 0.271875
0 0.0390625 0.375 0.07109375 0.17265625
0 0.940625 0.05234375 0.0234375 0.040625