0 0.57109375 0.1453125 0.05703125 0.078125
0 0.27265625 0.0859375 0.0828125 0.1234375
0 0.40546875 0.15390625 0.078125 0.1234375
0 0.584375 0.20546875 0.0796875 0.109375
0 0.66953125 0.228125 0.0921875 0.13515625
0 0.6234375 0.22734375 0.06015625 0.1015625
0 0.81171875 0.28046875 0.090625 0.121875
0 0.8921875 0.30078125 0.0796875 0.10625
0 0.2375 0.15 0.07109375 0.103125
0 0.55078125 0.2421875 0.0890625 0.14140625
0 0.99296875 0.36484375 0.0140625 0.13046875
0 0.25234375 0.234375 0.1203125 0.1921875
0 0.46796875 0.2984375 0.1203125 0.17421875
0 0.33828125 0.2953125 0.14609375 0.2125
0 0.09453125 0.3 0.1765625 0.26953125
0 0.15703125 0.32265625 0.0953125 0.16640625