0 0.60078125 0.3484375 0.0890625 0.1390625
0 0.83984375 0.3859375 0.15234375 0.2703125
0 0.08515625 0.44765625 0.11953125 0.18984375
0 0.1609375 0.0984375 0.025 0.06875
0 0.3359375 0.10546875 0.0703125 0.10859375
0 0.10546875 0.10703125 0.05390625 0.09921875
0 0.5609375 0.19375 0.0703125 0.12734375
0 0.2375 0.19453125 0.065625 0.10546875
0 0.9390625 0.215625 0.09453125 0.1828125
0 0.465625 0.2171875 0.13828125 0.2828125
0 0.084375 0.22265625 0.06171875 0.09921875
0 0.30703125 0.25625 0.078125 0.14296875
0 0.16328125 0.265625 0.0890625 0.15546875
0 0.5421875 0.2796875 0.06796875 0.13359375