0 0.646875 0.29765625 0.0921875 0.14453125
0 0.89375 0.3359375 0.1578125 0.2796875
0 0.1140625 0.4 0.1234375 0.19609375
0 0.1921875 0.0390625 0.02578125 0.07109375
0 0.3734375 0.0515625 0.071875 0.10234375
0 0.13515625 0.04921875 0.0546875 0.0984375
0 0.60546875 0.1375 0.07265625 0.13125
0 0.27109375 0.13828125 0.06796875 0.109375
0 0.97421875 0.159375 0.0515625 0.1890625
0 0.50703125 0.16171875 0.14296875 0.29296875
0 0.11328125 0.1671875 0.0640625 0.10234375
0 0.34375 0.2015625 0.08125 0.14765625
0 0.19453125 0.21171875 0.0921875 0.16015625
0 0.5859375 0.22578125 0.0703125 0.13828125