0 0.4 0.3390625 0.08984375 0.140625
0 0.15859375 0.3765625 0.15390625 0.2734375
0 0.9203125 0.4390625 0.12109375 0.19140625
0 0.84453125 0.0859375 0.025 0.06953125
0 0.6671875 0.09296875 0.07109375 0.11015625
0 0.90078125 0.0953125 0.05390625 0.1
0 0.440625 0.1828125 0.07109375 0.128125
0 0.76640625 0.18359375 0.06640625 0.10703125
0 0.0578125 0.20390625 0.09609375 0.18515625
0 0.53671875 0.20625 0.13984375 0.2859375
0 0.92109375 0.21171875 0.0625 0.1
0 0.69609375 0.2453125 0.07890625 0.14453125
0 0.84140625 0.2546875 0.08984375 0.15703125
0 0.459375 0.26953125 0.06796875 0.13515625